"V1" "V2" "V3" "V4" "V5"
"1" 0.091344106242992 -0.278260457212105 22.0520026703598 0.0574024721894879 0.755684170797467
"2" 0.0955131375929341 -0.359474610935897 21.1809389273706 0.0628763070575427 0.688874699473381
"3" 0.098859724198468 -0.340426385739818 20.5430303844437 0.055329197133868 0.715557761490345
"4" 0.0908258620714769 -0.276942213602364 23.048355832384 0.0751878685817123 0.788478339388967
"5" 0.0915613579563797 -0.248506595542654 21.776148855635 0.050741425376269 0.704261908382177
"6" 0.0911158929364756 -0.317248863438144 21.8525107264286 0.0513635933549143 0.657812028005719
"7" 0.0947926047882065 -0.395354520471767 20.9130223305314 0.0567750030512689 0.7061081918329
"8" 0.0919915194232017 -0.361819972826168 21.0004776421189 0.0432663301211782 0.648943839371204
"9" 0.0904577086921781 -0.282985882155597 21.4224380893074 0.0578444852234796 0.719644130915403
"10" 0.100523407137953 -0.261711689230055 21.8535590995406 0.0797503476418788 0.788041966855526
"11" 0.0931147381095216 -0.264524954188615 22.4582748998445 0.0649310006192885 0.755442237108946
"12" 0.0971921810405329 -0.2605953335464 21.5698018544423 0.0656373967554187 0.793633768409491
"13" 0.0986737961936742 -0.254570300787687 21.836541470401 0.0698322739517083 0.785807078480721
"14" 0.0956457705991343 -0.273777046332136 20.5556139299576 0.0344370265800739 0.779517087563872
"15" 0.0925293127493933 -0.33291776506789 23.0255651973723 0.078971203521057 0.748419812917709
"16" 0.0945073081813753 -0.355217948637903 21.0385090808012 0.0677574401992606 0.791633172258735
"17" 0.0964884884934872 -0.255655735421926 22.642359462902 0.0613016589175211 0.678755194991827
"18" 0.0966714022066444 -0.286020978271961 21.081842595574 0.0533667799611576 0.736452066451311
"19" 0.0959800252988934 -0.251591756235808 22.1228026625793 0.0656084749389906 0.753486684635282
"20" 0.0908473618039861 -0.327108891243115 22.1303457117663 0.0778102689576102 0.787537327706814
"21" 0.0902087759496644 -0.338051500594243 21.9195732719987 0.0707521477381466 0.736509747430682
"22" 0.0947060857191682 -0.381392668901011 20.6674920994742 0.0512867072917288 0.715225865468383
"23" 0.100398425267078 -0.306392646890134 21.5148508130666 0.0681649120850721 0.7140670619905
"24" 0.0969522617775947 -0.326903531512246 21.336981328479 0.057359115389036 0.631422845795751
"25" 0.0921069921674207 -0.303358894445002 23.3825819519814 0.0788664479104104 0.79236027829349
"26" 0.0910729710208252 -0.34204224531725 20.7215776725952 0.0398181198288919 0.704087124988437
"27" 0.0960244413223118 -0.265598549054936 22.0237969772355 0.0731870622053742 0.736753811463714
"28" 0.0927112459056079 -0.307022380381823 22.7565060079563 0.0647103573643835 0.675661143884063
"29" 0.111328782294877 -0.267800370860845 20.798010637546 0.072171302795969 0.776445280611515
"30" 0.0992115833340213 -0.26913767549023 21.5623114623455 0.0718384916194249 0.791463805809617
"31" 0.0909827470583841 -0.269001528609544 22.6698123679217 0.0649267757625086 0.749912602230906
"32" 0.101973823003471 -0.249515940343961 21.3614245188469 0.0765618397552287 0.791254165694118
"33" 0.0924855690971017 -0.255453799670562 21.2084649422253 0.0364420256379759 0.729584839120507
"34" 0.0927784787435085 -0.287198405373842 21.5131451858231 0.0581373898979742 0.742760459035635
"35" 0.0929852648125961 -0.251703460749239 21.1757869642857 0.035370675529982 0.712540075331926
"36" 0.0984221117561683 -0.259747745696455 20.7933889814885 0.0355516787627712 0.651581438407302
"37" 0.098732954794541 -0.26058142725192 21.6283913491457 0.0532614643121604 0.687794216573238
"38" 0.100132354793139 -0.269405948551372 20.8017068259069 0.0563113232715055 0.771857368350029
"39" 0.0931050855768844 -0.250302239371464 21.7988018045784 0.0616804865079001 0.743349033370614
"40" 0.0939519612891599 -0.292535190232098 22.6693397811661 0.0695359088188037 0.714497324004769
"41" 0.0999842181243002 -0.274169637914747 21.4827001322922 0.0538197017651051 0.694297011271119
"42" 0.0992102224230766 -0.295514777539298 20.816565451615 0.0627298729324713 0.783741545677185
"43" 0.0953920918554068 -0.249676114771515 22.9049971015775 0.0736295780314831 0.730653954744339
"44" 0.104018249678425 -0.293209624933079 21.4784486184386 0.0631014804155566 0.663053540289402
"45" 0.0946608419241384 -0.353566278059036 22.5435766638373 0.0785354482598603 0.753866030201316
"46" 0.0945314297312871 -0.302525720439851 22.0166173013835 0.0682273602980189 0.714712770879269
"47" 0.100263112583198 -0.301619988096878 20.6925482337526 0.0514728722655913 0.748613948971033
"48" 0.0967111634071916 -0.266924652256072 21.2091245508101 0.0508980318436166 0.729968940541148
"49" 0.0929655198482797 -0.254968554919586 22.5116627347842 0.0515454199498054 0.649226541295648
"50" 0.105730570429936 -0.272082424182445 20.6836111068516 0.0597403558191145 0.798126023411751
"51" 0.0965809286730364 -0.250638745047152 22.8335416413634 0.0789743848524988 0.792097416818142
"52" 0.0935737579744309 -0.326612431829795 20.9062919493229 0.0432106738788309 0.658115369156003
"53" 0.0994331711232662 -0.25916989560239 22.297146025619 0.073860176008218 0.731971841827035
"54" 0.101150125223212 -0.291953872257844 20.6825438848278 0.0503485996933421 0.719360386356711
"55" 0.099734839271754 -0.250378971833736 20.8839368143678 0.0577275108599104 0.76054442293942
"56" 0.0919893098445609 -0.264458023717627 23.4747686039377 0.0582618225435028 0.694080727249384
"57" 0.114895991044119 -0.258693718122318 20.5074308480462 0.0476021597671788 0.631957352235913
"58" 0.096795147260651 -0.380221845246851 20.5841999676707 0.0348546696929028 0.654944503828883
"59" 0.101996072857641 -0.250523907795548 23.3774467977742 0.0795303214038955 0.697209944874048
"60" 0.095771215679124 -0.259219180280343 21.1453452512738 0.0396841969891218 0.728452243953943
"61" 0.0954521134067327 -0.283328934235498 21.3432832796336 0.06180370224996 0.726708733290434
"62" 0.103766663485207 -0.252575572105125 20.8816835604724 0.0415226660850923 0.707951454520226
"63" 0.0937428488396108 -0.323805356958881 20.6375147916772 0.0459958224075846 0.768763006404042
"64" 0.0939951951876283 -0.269386879317462 20.75999657901 0.0327749579100637 0.713863929286599
"65" 0.0928597755515948 -0.264178998457268 21.0197024177248 0.0469421149013331 0.767217286676168
"66" 0.0918143074493855 -0.394752835409716 22.3603953517368 0.0632708530940581 0.6386192882061
"67" 0.0948606953211129 -0.436828593438491 20.6026809699973 0.0733699021355482 0.795139614790678
"68" 0.0909370566001162 -0.255198089871556 23.1658963957033 0.0350947575069964 0.578107051104307
"69" 0.0935057451166213 -0.309195759655908 23.1720701553626 0.0712691324378597 0.698210632279515
"70" 0.0914658373016864 -0.412105657096952 21.1271440738789 0.0746663044175366 0.771618746072054
"71" 0.0908047114619985 -0.42488499574922 23.3997950295312 0.0752917041038629 0.682411311492324
"72" 0.0909441037103534 -0.278146075578406 22.629240287377 0.0738549155221321 0.755379189029336
"73" 0.0900134921316057 -0.275123468613252 23.492775276918 0.0730344755990896 0.767382733970881
"74" 0.0949863059101626 -0.303696903878823 23.5236828875286 0.0730212215291336 0.675398961529136
"75" 0.094789202070795 -0.351962006801739 21.5689313532668 0.0659143470730865 0.721490404829383
"76" 0.0912015170697123 -0.378339732313529 22.0335775947873 0.0761009320626967 0.744931287318468
"77" 0.0919505708171055 -0.366025497308001 21.5187541084411 0.0380408985593822 0.569981567487121
"78" 0.0969865492349491 -0.277025508806109 22.8435888501955 0.068962585394131 0.688376529961824
"79" 0.0905765960980207 -0.249427552387118 23.159027545331 0.0646557698856806 0.739799837395549
"80" 0.0941302217133343 -0.282637985941023 23.0512595324242 0.0686498046556721 0.730527952834964
"81" 0.0925008398098871 -0.392335887385532 21.6831008051592 0.0622688443904975 0.648765661716461
"82" 0.0927476531211287 -0.469192821511999 21.693595231697 0.0591025150753325 0.572472862452269
"83" 0.09119209489692 -0.39816106588766 21.1029198351223 0.0367664818979567 0.633825474083424
"84" 0.0929163946369663 -0.400649384284392 22.7801786042051 0.0718160409805598 0.636593284830451
"85" 0.101887970572338 -0.325445945672691 23.6579725911212 0.079404399252194 0.622360551580787
"86" 0.0943606852088124 -0.438393283711746 23.4966868534731 0.0794079325481551 0.700090927407146
"87" 0.0906170958029106 -0.325993559513241 22.3636804540246 0.0742172627773369 0.779274991601706
"88" 0.0948534512193873 -0.282929783379659 22.6148700011196 0.0738257283633342 0.785443218350411
"89" 0.0940405904101208 -0.506082866700366 23.6227438353607 0.0737361094129272 0.589924276545644
"90" 0.0903513199361041 -0.509462584733963 20.9083302512253 0.073516036144481 0.791548835262656
"91" 0.0942524948380887 -0.366363583590835 23.6013113471866 0.0731247434070567 0.626054676026106
"92" 0.0901889631170779 -0.484260854577646 22.0829015591601 0.0758377002421999 0.703518475592136
"93" 0.0941383486557752 -0.357803947972134 22.753211343931 0.0778534570863238 0.720037843883038
"94" 0.0921775258826092 -0.271120447671041 23.1848704508157 0.0456006923323497 0.554848707765341
"95" 0.0914882712727413 -0.306152007255703 23.3733254416427 0.0626854394834954 0.669382793456316
"96" 0.0901813505552709 -0.257887722656131 21.6729810835933 0.0593386193523416 0.707196697890759
"97" 0.0918948366595432 -0.27391032625176 22.2252905186918 0.0443057384704007 0.596602008417249
"98" 0.0930530419796705 -0.272762405429035 22.7843010194716 0.0604070725421887 0.656724381893873
"99" 0.0982591368304565 -0.294026051968336 21.6722577571543 0.0715968362979591 0.730074291452765
"100" 0.0942792864348739 -0.250904467852786 23.5104737276025 0.0581070454797475 0.594644778966904
"101" 0.091123771389015 -0.267241884345189 23.5586028836761 0.0633001292505069 0.727457433342934
"102" 0.0940838937107474 -0.301159493565559 23.6444498652499 0.0552000977437245 0.551610025465488
"103" 0.0934916423466057 -0.280926490321755 22.0444148976309 0.0706291324192425 0.74709660358727
"104" 0.0906393015263602 -0.271440117936581 23.5202354696719 0.0753113446251722 0.793543643206358
"105" 0.091410700103268 -0.259761275047436 22.9688924579485 0.0439324684598949 0.615227715969086
"106" 0.0952477926481515 -0.302143850389868 23.3219602776924 0.0729988685980905 0.706352768167853
"107" 0.0921767234075814 -0.293226106125861 21.1442589965579 0.0556876860955497 0.769897150248289
"108" 0.0913348248358816 -0.378229533839971 20.7480350092077 0.0512802466422087 0.725076152086258
"109" 0.0910195807451382 -0.272671309320256 22.1800495623844 0.0468021602848079 0.599080492407083
"110" 0.100494875483215 -0.249185731176287 23.3420121616777 0.0714869704711949 0.615711597651243
"111" 0.0939024900980294 -0.272167281921953 23.0778058511345 0.0614865433847066 0.665893801525235
"112" 0.0900477952044457 -0.313339195154607 21.7951588032441 0.0596712215070846 0.711972390115261
"113" 0.090136849061586 -0.292780050447211 21.4377058437187 0.0441755547364475 0.631453730240464
"114" 0.0917447132281959 -0.322841945232824 21.1047247745353 0.0432824308445677 0.650477398112416
"115" 0.0902604561662301 -0.25657454989478 22.7432097753277 0.0531409391876776 0.649087523892522
"116" 0.0930120010133833 -0.299610151555389 23.0258945824392 0.0756985696011689 0.736851697862148
"117" 0.0952807196974754 -0.288054828213528 20.9028740994143 0.0612798789841356 0.772560276910663
"118" 0.0934210968129337 -0.346795596936718 20.885975730347 0.044614885216183 0.661693212613463
"119" 0.0920327175250277 -0.297900333654135 22.0221492466633 0.0654914708872326 0.741931538134813
"120" 0.0972496676780283 -0.311240479625762 22.5974085280066 0.0557931549922563 0.537249522656202
"121" 0.0902773601934314 -0.262863090345636 22.6246183803747 0.0391069752331357 0.558987375944853
"122" 0.0930798999359831 -0.291044569538906 22.53615526977 0.0397772749481024 0.512076250836253
"123" 0.0911352782668546 -0.296181078840047 21.6657805564371 0.0419281988146948 0.642292831689119
"124" 0.102518704729155 -0.281024332532659 23.0182244437002 0.0648967728030635 0.555413908809423
"125" 0.0901749988244846 -0.348054919805378 20.8679478001222 0.0346493550788844 0.631705086007714
"126" 0.0911416567778215 -0.315759237127379 20.9995652700542 0.051168723886623 0.723049904257059
"127" 0.0920990445893258 -0.25685000596568 22.1810309044318 0.0450864746008301 0.592125775143504
"128" 0.0914453242113814 -0.260682829251513 22.5328976725158 0.0389819100016728 0.586023190766573
"129" 0.0938537122244015 -0.26232961261645 23.4429753380339 0.0711381762533681 0.684086153060198
"130" 0.0945978043712676 -0.284054609887302 23.5697103500739 0.077188520461251 0.706393296271563
"131" 0.0932508283238858 -0.285888593707234 23.2646349672112 0.0649556622140808 0.629650913476944
"132" 0.0944420453086495 -0.295197886524722 23.2651153066871 0.0644256912291981 0.636787825226784
"133" 0.0940186561597511 -0.257771899418905 22.4009219337627 0.0424650249161292 0.567607092484832
"134" 0.0930622719386592 -0.269561386086047 22.9270487268339 0.0525827148278709 0.628690146505833
"135" 0.0927862693620846 -0.256422205761075 23.4841755180829 0.0475886778944638 0.598063632324338
"136" 0.0910518495300785 -0.256180839437991 22.5517114698072 0.0468831051315879 0.636809822916985
"137" 0.0990057727675885 -0.294676130643114 23.3329600363388 0.06678348850701 0.596647802144289
"138" 0.0909970725942403 -0.308367131059989 22.8954643695802 0.0676252288244665 0.660085755884647
"139" 0.094271218710579 -0.307079789515585 23.1330640283623 0.0603525440383702 0.617086506709456
"140" 0.0947268853699788 -0.338320602383465 23.2467177324579 0.0675113470846554 0.619257149249315
"141" 0.0951526083927602 -0.285027914691716 22.4705684195179 0.0397619012953714 0.536467761397362
"142" 0.0931994405519217 -0.255577187880874 21.5784996197955 0.0554941149111604 0.73087763376534
"143" 0.0923261148724705 -0.304595881357789 22.8498900994426 0.074719639137201 0.738217006325722
"144" 0.0921011911025271 -0.370065003642812 21.5561288384278 0.0755146270146361 0.789070440381765
"145" 0.099835339053534 -0.277991239054129 23.5118612467987 0.0797849275006913 0.688585881143808
"146" 0.0988233870137483 -0.33163262357749 21.8901707637543 0.0624237747688778 0.601214397847652
"147" 0.0922364339567721 -0.250582448124886 21.3653135450534 0.0620636334174778 0.762432313710451
"148" 0.0934893683195114 -0.282658325739205 22.7694734969037 0.0695782114878064 0.68598827406764
"149" 0.090986958864145 -0.290581076983362 20.5498022114113 0.0474024655555608 0.795317350998521
"150" 0.0900084097059444 -0.290614854406565 21.7182531371363 0.0568594996961532 0.743975645527244
"151" 0.0908013361534104 -0.273995974386111 23.2248151079309 0.0538769355298486 0.570698124319315
"152" 0.0945143996989355 -0.261976873271167 21.4057088032016 0.0379272008930333 0.605679407566786
"153" 0.0910433327034116 -0.407218799300492 20.5619346835255 0.0587440746608656 0.739875619336963
"154" 0.0903176992926747 -0.261641727786511 23.6353164610825 0.0617642223232426 0.647751221731305
"155" 0.0972077443487942 -0.276406438799575 23.3477066616621 0.0601852378005628 0.587642558291554
"156" 0.0980806950554252 -0.31214452512376 23.4230566467275 0.0744904277951689 0.664463823288679
"157" 0.0976553018437698 -0.268270102972165 23.5477675891295 0.0688409027648624 0.596365645825863
"158" 0.0904707344211638 -0.365849331896752 21.5430762038869 0.0376562248047674 0.578285321518779
"159" 0.0909816307900473 -0.363492531733587 22.6460490100808 0.0709749433309771 0.733561059385538
"160" 0.0935891270823777 -0.404726805567741 21.2361006406532 0.055630730253295 0.665179249346256
"161" 0.0993851709561422 -0.354159432150424 21.5709305786248 0.0700059312648605 0.695045146420598
"162" 0.0946133404215798 -0.409210338748991 22.236665789762 0.072636460561282 0.670715137347579
"163" 0.0929889631681144 -0.444771706294268 20.9526037884969 0.0389231875337427 0.610118076056242
"164" 0.0936801351634785 -0.4343673010692 21.2552372984448 0.0734041733687976 0.723874843791127
"165" 0.0914348254250363 -0.349889646286145 22.3312299524411 0.045092709644651 0.566843937560916
"166" 0.0987402757667005 -0.359797099424526 21.3756079810788 0.0801896629987052 0.784589164182544
"167" 0.10012300697621 -0.287908740064129 21.6655172075122 0.0777552020626143 0.750332268103957
"168" 0.0909116244055331 -0.332450052388012 21.9829902506922 0.0693584884886863 0.722516030445695
"169" 0.0913376139979809 -0.417872704248875 23.5664580957312 0.0663784643577179 0.610025803372264
"170" 0.0902172020506114 -0.366429562119767 21.5233986580512 0.0599960702489363 0.686300326064229
"171" 0.0912769705429673 -0.380386068394408 22.9241972646583 0.0607799539184663 0.610861137136817
"172" 0.0909805583506823 -0.268631467022002 23.2102710150438 0.0619498331584735 0.710969167202711
"173" 0.0907942298250273 -0.364049513578415 23.1853872370813 0.0739162007543724 0.707279613688588
"174" 0.0921007022950798 -0.458127195052803 20.9211703590816 0.0712902394687058 0.770988068580627
"175" 0.0956075803264975 -0.365440964179114 21.3629610660812 0.0737661385363433 0.767477890104055
"176" 0.0957258975030854 -0.346536904081702 22.042140193854 0.0529705791148124 0.587026225104928
"177" 0.0998251492073759 -0.340836128799245 23.6301568375365 0.0722126878411975 0.635647357776761
"178" 0.0944562701107934 -0.3366411727909 21.1257720055059 0.0693277861950686 0.796613892018795
"179" 0.0918691416922957 -0.423940030889586 21.3042574977456 0.0749442683827598 0.799218975305557
"180" 0.0901122115468606 -0.343834966236725 23.2683457421116 0.0746839024650632 0.769074921533465
"181" 0.0965279154321179 -0.282540301991627 22.5588958634227 0.0799750949598849 0.753251942098141
"182" 0.0916159295272082 -0.333651464596391 22.7948159836326 0.0669882419897243 0.669009112939239
"183" 0.0983700688127428 -0.352679152304307 20.5486650680285 0.0507884264632361 0.678314539343119
"184" 0.0939717811876908 -0.287844625808299 23.1755348751298 0.0647233632892603 0.690551562830806
"185" 0.0951563977506012 -0.38174310441874 21.8325278485916 0.0700771553487983 0.66991597019136
"186" 0.0972043524188921 -0.392440604388714 20.8438038319862 0.0707988360730931 0.752670774683356
"187" 0.0945189221799374 -0.449239792458713 21.8621668834449 0.0619484160772059 0.595916775614023
"188" 0.0975928126182407 -0.480902126912028 20.6273703335901 0.0622118709271541 0.664009926393628
"189" 0.0920725166704506 -0.373420515423641 20.7662570017413 0.0443394594572717 0.718738081306219
"190" 0.0965355038791895 -0.36293313197419 22.1068223834294 0.0784259069064865 0.736309605017304
"191" 0.0918988232603297 -0.313071302231401 20.856764766844 0.0638443013496464 0.780686569511891
"192" 0.0922100481111556 -0.487838305853307 20.6921025453345 0.0709253964985488 0.688465143218636
"193" 0.0964105867082253 -0.440993785969913 20.6577150667435 0.0558935358553426 0.596100321561098
"194" 0.100901255420409 -0.390494247322902 20.7398177951574 0.0785382850209484 0.762383168041706
"195" 0.110887742743827 -0.365396930698305 20.5944640740566 0.0801229288574075 0.698749591335654
"196" 0.0924555044844747 -0.500165451401845 21.1920974278357 0.0519362081330037 0.551147188991308
"197" 0.0955166453439742 -0.318058053523302 22.4237602667511 0.0759696459958097 0.692418348565698
"198" 0.0955622798027471 -0.30223679397814 21.3800999739231 0.0749260081949411 0.773351081758738
"199" 0.095665587907657 -0.478077394565567 20.8882400796958 0.0657767471470404 0.601376285180449
"200" 0.0952883872529492 -0.422967341516167 20.5372882078867 0.0397797525066417 0.570888873413205
"201" 0.0981424289792776 -0.352970531728119 21.1041991978185 0.0709008519836236 0.705819151550531
"202" 0.0928149943118915 -0.424150630956516 21.169865611617 0.0616417624924332 0.634283228367567
"203" 0.0908154283873737 -0.298805090598762 21.0970055982168 0.0535747642593458 0.761501790806651
"204" 0.0928700436763465 -0.52286086981371 21.1126157927327 0.0651020969413919 0.56818310931325
"205" 0.0989705511471257 -0.362714370304719 20.6205061869579 0.0526996156401234 0.655532981455326
"206" 0.0938889376167208 -0.371955035675317 20.9898637636099 0.0498205982331652 0.613866988420486
"207" 0.0996489605130628 -0.331341604668647 20.8172817161703 0.0462688119282946 0.573063307628036
"208" 0.107183454296552 -0.38811571248807 21.020544388683 0.0774779612534912 0.653134311810136
"209" 0.102222935261205 -0.44490890898183 20.7849240944488 0.0788172458156245 0.662142457664013
"210" 0.098797779805027 -0.508500814309344 20.5694320836267 0.0731662307438208 0.655861931890249
"211" 0.105504522596486 -0.408456816829741 20.5678960279492 0.0734392464396544 0.653323382437229
"212" 0.0991710396995768 -0.490185034506023 20.5427644530009 0.0516609417334199 0.566965447887778
"213" 0.0900003775628284 -0.520718771738932 20.5861041181372 0.0749745065614348 0.787749963924289
"214" 0.0964523660028353 -0.312237327609211 20.6565940524731 0.0625685681252275 0.747728621140122
"215" 0.0963166062533855 -0.318220743797719 21.4319232679904 0.0781464812161867 0.738655101954937
"216" 0.098920186880976 -0.425426913361996 21.1435224165395 0.0603577186272247 0.56811222396791
"217" 0.110034483768046 -0.398914502469823 20.7157178936782 0.0731938758119941 0.602644639983773
"218" 0.108576530903578 -0.355504870088771 20.6799744854216 0.0677976254713954 0.61965454377234
"219" 0.118033768306486 -0.488634700395167 20.7674739522347 0.0781296146780485 0.485988080427051
"220" 0.109607828593813 -0.394494399569929 20.857512735331 0.0746954660146031 0.594873753786087
"221" 0.0916468315422535 -0.330758817801252 21.3060941300192 0.0644518536946503 0.76152862213552
"222" 0.0944352190783247 -0.41878195101954 20.5049478622433 0.0560770620042458 0.66527581140399
"223" 0.108658463294618 -0.512086608631536 20.5586476437957 0.0740511332156137 0.554189564958215
"224" 0.0943632414964959 -0.423232129082084 20.8019183923583 0.0610959874653025 0.637227153852582
"225" 0.101209127694368 -0.361571240954101 20.9276320263115 0.077222404855839 0.7093674094975
"226" 0.101528765645809 -0.413494724191725 21.0820160375955 0.075031163938134 0.62393306992948
"227" 0.095897446135059 -0.388286038378254 20.5199700995767 0.0649847455199808 0.704040421620011
"228" 0.090843843919225 -0.394032954100519 21.5263128586579 0.0742455620897701 0.752036563530564
"229" 0.0955298690954223 -0.466052452651784 20.8511036735261 0.0559874400649453 0.555852322727442
"230" 0.0929796690624207 -0.417198146425188 21.0276756845787 0.0673541322547942 0.720532821193338
"231" 0.0987149729719385 -0.342369154723361 20.622548320198 0.0520642114133574 0.675658719986677
"232" 0.0943748523518443 -0.470134216817096 20.5886567861633 0.0538701541319024 0.595804951936007
"233" 0.0935897681973875 -0.444097017407417 21.4273554942245 0.0787475150074344 0.725756563320756
"234" 0.0959646392175928 -0.328221576062962 21.2146809307393 0.0659296396353515 0.739027135074139
"235" 0.0916190329352394 -0.348152463564649 20.7894237448019 0.046100159082422 0.683780609816313
"236" 0.0929701447226107 -0.279237848339602 21.4652965078759 0.0657356919061393 0.738368927240372
"237" 0.108471328270622 -0.546343840384856 20.5541571994289 0.0722707351426128 0.524458091035485
"238" 0.0956151565527543 -0.407637760499492 20.6710816990025 0.0496477748659207 0.621002782061696
"239" 0.102879584938288 -0.51903848457709 21.0201487047202 0.0746888075070223 0.544783593192697
"240" 0.0998569575240836 -0.298064127469435 21.6263076446741 0.0675607505059568 0.638265260234475
"241" 0.0941010473091155 -0.414505333442241 20.9206313420529 0.060158006682992 0.607023368477821
"242" 0.0923443638430908 -0.350610865607858 21.1926768381312 0.07608438728787 0.786971514299512
"243" 0.0961666128505021 -0.308327020712197 21.1774914253736 0.0620652280479437 0.660629114732146
"244" 0.0973825766835362 -0.490653422215953 20.7376539263478 0.0673099987435155 0.63214019484818
"245" 0.0932960771983489 -0.419846446579322 21.1467709266371 0.0786331525353249 0.728214252889156
"246" 0.0933682432724163 -0.379156933862716 20.9534173111641 0.0675888173203915 0.732933924123645
"247" 0.0908087313808501 -0.417860490914434 20.8674465635815 0.0634871723791351 0.709288116693497
"248" 0.0994384869262576 -0.342609176006168 21.007229149933 0.0682333745875163 0.70432018533349
"249" 0.110905493251048 -0.374313802333549 20.5555860411259 0.0750810265114764 0.648102811872959
"250" 0.100814603883773 -0.307795757822692 21.6909538871353 0.0774929904808523 0.71997998341918
"251" 0.0937254288978875 -0.52746438292414 20.6336528970394 0.0609397471597185 0.611572566702962
"252" 0.093062902668491 -0.296276150926948 20.607181585012 0.0595040563829709 0.797125493064523
"253" 0.0947662714216858 -0.494824742315337 20.6998779532313 0.0796283593536355 0.739082050696015
"254" 0.0943639097437263 -0.432471027290449 21.4723950126581 0.0800957470119698 0.713128234297037
"255" 0.111067656800151 -0.40124567896314 20.5776717550284 0.0747099555570865 0.621006830111146
"256" 0.0916093290550634 -0.482008649664 20.5165677897981 0.0679407266678987 0.703316188231111
"257" 0.11285356714949 -0.407917119989172 20.6798150468618 0.0753513076262316 0.576163400933146
"258" 0.108477830020711 -0.400184588307515 20.9428573607071 0.0745591954212636 0.602893584743142
"259" 0.0918829034110531 -0.422410259366035 20.5548763092561 0.0573027092912933 0.742256155386567
"260" 0.0932024973398074 -0.543661469649524 20.9944795217249 0.0706794715315104 0.620391861274838
"261" 0.0913972870800644 -0.373112969687209 21.494696742855 0.0484770993534476 0.583513836413622
"262" 0.0933678883658722 -0.346763812933117 21.677677114543 0.077133655071212 0.753558743149042
"263" 0.09890081548132 -0.426708637535572 21.4409392676014 0.0744666137635941 0.601872705891728
"264" 0.101774764412083 -0.351776836000383 20.947016642727 0.0801073981539346 0.707393145933747
"265" 0.106092602538876 -0.477745048684999 20.7332085605361 0.0602531317552319 0.503756869509816
"266" 0.0975522938026115 -0.428829148704186 20.6532796147303 0.0770616301533999 0.771411407440901
"267" 0.105985938462429 -0.367074895048514 20.7384036315209 0.0744318322325358 0.701165295615792
"268" 0.0975749346474186 -0.445944560423493 20.5578111257218 0.0580475289587164 0.644315311461687
"269" 0.100195937655866 -0.337585829889402 20.797881995826 0.0777936452893773 0.786837070658803
"270" 0.104970334662125 -0.418417184894905 20.8853306647553 0.0711256240380695 0.569085451960564
"271" 0.0924678011639044 -0.541001331644133 21.0559307392966 0.0753420534653589 0.690618530139327
"272" 0.0933485657488927 -0.324009449776262 22.2647999540041 0.0781416540973587 0.753627991080284
"273" 0.10501283732336 -0.373399084040895 20.5603754235664 0.0719306789773516 0.674956472069025
"274" 0.0917562339864671 -0.39591218127124 21.9273744320055 0.0767242163261631 0.692361346036196
"275" 0.0989988829940558 -0.529265368763357 20.8091927069006 0.0656911502212985 0.563527145460248
"276" 0.0992010046346113 -0.501540392333642 20.8186643515364 0.0751268574800808 0.634819448143244
"277" 0.0953228713246062 -0.489648386253044 20.5267378405714 0.0521445647826418 0.5845631121099
"278" 0.100544056844898 -0.419522287582979 20.7196100840042 0.0762127076697536 0.692561914250255
"279" 0.0901209182739258 -0.389076111221686 20.5491844596923 0.0613921245389385 0.79661517880857
"280" 0.0998942715441808 -0.4023669747971 21.0065774077317 0.0757282019266626 0.65401015214622
"281" 0.0933381230626255 -0.443304182836786 20.8591997572267 0.0463976743259467 0.552594274505973
"282" 0.103088875142857 -0.355530796591192 20.5034104101313 0.074473238880327 0.773220418915153
"283" 0.0978996575642377 -0.378437103025615 20.6285473270179 0.035901122161583 0.527517018169165
"284" 0.0925857900632545 -0.387785788355395 21.6500518436125 0.0753125528073171 0.732181806415319
"285" 0.0961151064662263 -0.424084298301488 20.8068939530104 0.0670854684548685 0.657682750299573
"286" 0.0906842782236636 -0.457254117060453 20.5317535228794 0.0559265466008102 0.697577182725072
"287" 0.102705490856431 -0.382851314563304 20.6709451318532 0.0761157834620448 0.746343968212605
"288" 0.0947448399849236 -0.490450173733756 20.626398036629 0.0674574132702779 0.667098791077733
"289" 0.102291700302623 -0.35609878445603 20.8870846527652 0.0701210531947436 0.673037382364273
"290" 0.0914266056949273 -0.406093322405592 21.1677345125168 0.0657978301329073 0.694360654652119
"291" 0.110519245069474 -0.49967271286808 20.738085598019 0.0793657596283592 0.594525761455297
"292" 0.0975256227795035 -0.321954124003649 21.7569508337043 0.0777176730692387 0.708632764145732
"293" 0.0988892304003239 -0.354708124432713 20.7900658042217 0.0725098256030818 0.740608618035913
"294" 0.10673421244137 -0.368444062720984 20.7264249886107 0.0623800132967764 0.582126269862056
"295" 0.110206566570327 -0.365696065027267 21.2501398346806 0.0770658911668695 0.574784140363336
"296" 0.0973123794682324 -0.410553861759603 20.8446234046388 0.075125350218988 0.715825959891081
"297" 0.0918744718283415 -0.388936877328902 21.214644983625 0.0596374598021153 0.631733260974288
"298" 0.0954487677197903 -0.353683790240437 21.1520744936354 0.056321891820617 0.636049771234393
"299" 0.0900230275858194 -0.500394103959203 20.6055127366912 0.0646267245208844 0.717449162378907
"300" 0.0967654972504824 -0.561814179040492 20.6163115999475 0.0798401667589322 0.672838086411357
"301" 0.0956914143115282 -0.345608921485022 21.1605466263392 0.0613694227995584 0.647056682482362
"302" 0.104996299593709 -0.529851855518296 20.5829645461589 0.067873204997764 0.543174229860306
"303" 0.0989402094036341 -0.475957274030894 20.6308288815897 0.0446570498496061 0.505127908661962
"304" 0.0977737599872053 -0.324133453508839 21.1846757614193 0.0742216034202836 0.765233193039894
"305" 0.0954291504453868 -0.316833942562342 21.0035581239616 0.0416479581601918 0.625502682104707
"306" 0.0982564922561869 -0.385077918898314 20.6101385252201 0.0417122592752334 0.569890059903264
"307" 0.0914150605956092 -0.476473245061934 20.9620667120605 0.0611023964114254 0.604982727840543
"308" 0.100908353551291 -0.294441091220826 21.353262819706 0.0676811987110414 0.663308583125472
"309" 0.105173782286234 -0.450769003951922 20.680745971133 0.0778180489694234 0.660552061200142
"310" 0.0943242972046137 -0.371076631279662 20.7861005158699 0.0585714580179891 0.692190158441663
"311" 0.0902574614882469 -0.450836711492389 20.7890266356198 0.0454177320211427 0.597021758630872
"312" 0.0936240964662284 -0.378071626914665 21.0172136867605 0.0796523288857425 0.795657983571291
"313" 0.0916104055931792 -0.452951656766236 20.5903871764988 0.0633669603524031 0.725193087086082
"1100" 0.106413007610478 -0.25909131219238 20.8885832933011 0.0549533849467291 0.68569034345448
"2100" 0.0912958492627367 -0.253330923980102 21.4210801358451 0.0405399690576363 0.765704389736056
"343" 0.0939912455007434 -0.350743066173047 20.9565513320942 0.0562430724228732 0.773795157074928
"410" 0.0977999118519947 -0.339197103807703 20.8645084671187 0.0643260267860489 0.791532340049744
"510" 0.0912581797325984 -0.276687035905197 21.0998330781818 0.0504702586456668 0.780990707501769
"610" 0.0990174429416656 -0.308805226841941 21.5655807713442 0.0753499033146771 0.750305853411555
"710" 0.0982989242579788 -0.249486803432927 21.5134366568108 0.069513704507146 0.780733607858419
"810" 0.105873609309085 -0.30149707229808 21.5196319741104 0.0759143741385546 0.735781217887998
"910" 0.0952151788137853 -0.378792058762163 20.7659274144424 0.0350210839467356 0.59427362203598
"1010" 0.091199279227294 -0.39874488273263 22.0289952617907 0.0724598385557067 0.741964667141437
"1110" 0.0950759140541777 -0.270630482090637 22.1563197174924 0.0655951177522074 0.728287121355534
"1210" 0.0944725199220702 -0.278478864938021 21.2023196780938 0.0350422811685596 0.68824415653944
"1310" 0.0925932504683733 -0.279885145938024 23.0269394652033 0.071626949010021 0.736277539134026
"1410" 0.0914162252191454 -0.367610794160515 20.7833926111343 0.0453291306774598 0.723343654349446
"1510" 0.0994354750234634 -0.286280542204156 20.989020767468 0.0561923087873496 0.761246307864785
"1610" 0.0953414396960288 -0.269152098827064 22.0307078940864 0.075977716365247 0.776157062128186
"1710" 0.104733601536602 -0.313587446948513 21.3969262620294 0.0767313839939888 0.709027448967099
"1810" 0.0907365623647347 -0.373296037454158 21.6339338186104 0.0694895141203422 0.76553621314466
"1910" 0.0925017089713365 -0.251111390301958 21.5750296213292 0.0453065754719311 0.748379936516285
"2010" 0.093256708371453 -0.337563418818638 21.4553964169486 0.0569489462610101 0.671889890879393
"2110" 0.0996407778225839 -0.248603374553844 22.4803686233168 0.0654581484715454 0.683060697764158
"2210" 0.0979592546308413 -0.278258037654683 20.7760715411347 0.0450820067291614 0.69470392845571
"2310" 0.091923694931902 -0.280260296901688 21.6818368253834 0.043973236209387 0.658971524611115
"2410" 0.0909406853271648 -0.310486439386383 22.3349737834232 0.0741654550030827 0.794940337911248
"2510" 0.0922912045307457 -0.301849710607901 21.5843395194504 0.0549098932334222 0.677710811719298
"2610" 0.0979047013157979 -0.290703598588705 20.9081632452016 0.0556852922817925 0.722772162556648
"2710" 0.0988381346203387 -0.269697956549004 21.5091723108175 0.0746921135690063 0.797463974133134
"2810" 0.0993774368148297 -0.273898275924847 21.3467305624229 0.0414526768379845 0.629068470448256
"2910" 0.0902957513881847 -0.270377852275968 21.9747021343838 0.0566745413319208 0.777884576097131
"3010" 0.0935614131409675 -0.334423694413155 23.4494817693997 0.0692397794850636 0.629199831485748
"3110" 0.0903450043648481 -0.254820658171549 21.6781927663903 0.0420824338849867 0.761885260418057
"3210" 0.0942389203542843 -0.299950926093385 20.9695264165523 0.0347167501336895 0.729542515128851
"3310" 0.0984383132876828 -0.329374850669876 21.09239882319 0.0565504821642535 0.653512833043933
"344" 0.0953127819858491 -0.38643477037549 20.9182874453953 0.0483700667970115 0.669076113253832
"351" 0.0916345113767311 -0.271204725027084 22.6004075376457 0.055564789038687 0.667851861342788
"361" 0.0999520647078753 -0.292734362978488 21.3628065497312 0.0562776082178112 0.694564506933093
"371" 0.0961591181214899 -0.288768085630611 21.054372704539 0.0621561018875334 0.77922602571547
"381" 0.0979383342554793 -0.254136266412213 23.3043693945254 0.0778678619918181 0.733023290783167
"391" 0.0922447944274172 -0.282183190375566 22.6492422237387 0.0376476687178249 0.567630526348949
"401" 0.0932793417479843 -0.312148366479203 21.6716735515976 0.0707686495420523 0.789376021996141
"411" 0.0952562968013808 -0.275636524492875 22.2541651533358 0.0743486014286755 0.763371618837118
"421" 0.0991458471938968 -0.315827748114243 20.9084337652451 0.04855274698867 0.674468619078398
"431" 0.0954397905254736 -0.285527430906892 21.9414773239591 0.070673097771802 0.726355516687036
"441" 0.0990914271511137 -0.284619127133861 20.9355235869926 0.0546599489629502 0.77351609967649
"451" 0.095559442914091 -0.325090499727055 20.9524491171516 0.0531892584436107 0.68839399151504
"461" 0.0942349460246041 -0.299469209095463 20.939691350949 0.0436771378017729 0.760731662586331
"471" 0.0913248413857073 -0.272008950410411 21.1509226935962 0.0349253788841655 0.736074215993285
"481" 0.0924189422456548 -0.251512356601655 22.1490809655283 0.0637182674490148 0.730587859004736
"491" 0.0927852749498561 -0.2648535153009 22.7797681912547 0.0492561184426071 0.623056337758899
"501" 0.096155700718984 -0.33979386003688 21.5921512073325 0.0724544978602091 0.727571211308241
"511" 0.0952070130966604 -0.292270598622039 22.2633216636209 0.0785249089974444 0.747797160223126
"521" 0.0936294874800369 -0.318376776227728 20.5931622495805 0.0420208947417792 0.731002401486039
"531" 0.0926188239566982 -0.328146655211225 21.1643633398297 0.0459864231515443 0.626540613546968
"541" 0.0917234273599461 -0.334946411181241 21.8610113613028 0.0700409847406205 0.76261142142117
"551" 0.0908161340262741 -0.274095043351874 21.5220970712346 0.0593851603839081 0.772642993032932
"561" 0.111780549785122 -0.269383738456294 21.29828600334 0.067296889501065 0.65363228045404
"571" 0.0912286794399843 -0.271840296762064 22.3015294803795 0.0621398573069135 0.724815442785621
"581" 0.0984069735864177 -0.254644628113136 21.2499743313738 0.0442480162334628 0.648737357780337
"591" 0.0951460101585835 -0.315324969649315 22.7052808970748 0.0774012434940087 0.725549369305372
"601" 0.0937132644094527 -0.252178180927411 21.1930036369897 0.0370133849915583 0.705390837565064
"611" 0.0923248883904889 -0.255953841963783 21.4371151409042 0.035077729167114 0.693408971354365
"621" 0.0927146465107799 -0.280866041727364 21.5099204822746 0.0458252549969591 0.686062784194946
"631" 0.0913397915912792 -0.270423721462488 22.0839746909356 0.0596692940833978 0.739184197559953
"641" 0.10715238176845 -0.258497182885185 21.4760837907647 0.0696667059227824 0.718795507326722
"651" 0.0943643392324448 -0.381076234051958 21.3689208937646 0.0740930577784311 0.725364541485906
"661" 0.104560293383896 -0.291901821015403 20.9044325046847 0.0692573082304094 0.781642344743013
"671" 0.105103655478917 -0.274882822955027 21.3769284396875 0.0672535295778885 0.721355253309012
"681" 0.0959399659708142 -0.370755903199315 21.3609560689912 0.0777462873865152 0.756072188690305
"691" 0.100580108600669 -0.284516536621377 21.0669994251174 0.0523121222436428 0.719337842538953
"701" 0.0918120272867382 -0.321430418420583 22.3095574989752 0.0749989309741417 0.798113934770227
"711" 0.0923057223055512 -0.460382011920214 22.9877648206055 0.0801470748011488 0.688411980047822
"721" 0.0927291097445413 -0.338093238461763 22.7105281151412 0.0693804362796713 0.69868595354259
"731" 0.0918607302512973 -0.306800411771983 22.5172812966374 0.0773189173769206 0.774657431319356
"741" 0.0944148638276383 -0.343033186970279 21.9455009975866 0.0624154292316409 0.635167892575264
"751" 0.094769260391593 -0.261066309388727 22.5143050757446 0.0747782343094936 0.755327501967549
"761" 0.0932089186739176 -0.400934205073863 20.5441683028033 0.0578369729741476 0.750900403112173
"771" 0.0922430821554735 -0.417724411938339 20.8253486806713 0.0506943867385387 0.658000032156706
"781" 0.0951834093974903 -0.339282548137009 22.4699651251757 0.0760920463387156 0.726926919296384
"791" 0.0946742694815621 -0.355576929455623 22.689382266528 0.0760230662112124 0.728660999089479
"801" 0.0928279824228957 -0.313336971735582 21.2618067686376 0.0688430814675055 0.771262532621622
"811" 0.0949862344460562 -0.418383867379278 21.3318134532752 0.0659816481561866 0.671576152890921
"821" 0.0978655743654817 -0.451704674188048 22.7485225638119 0.0652899623837788 0.550595392212272
"831" 0.0918727536723018 -0.31773820464313 21.7788719602488 0.0428213927448262 0.594349268600345
"841" 0.0912908062655479 -0.308953321279958 21.7467527265567 0.0531141048680292 0.673136739581823
"851" 0.0926999415513128 -0.476738672427833 21.1376427399088 0.0723954692091327 0.738814335167408
"861" 0.0936213019229472 -0.298369470596313 23.2689588985872 0.077241322711762 0.766235277429223
"871" 0.0925164288925007 -0.415357719061896 22.5399693424348 0.0794152003773721 0.713842118829489
"881" 0.0902895966991782 -0.357424535082653 22.5145332495798 0.0500746879986022 0.586290137767792
"891" 0.0915576551249251 -0.424463181370869 21.4112352535268 0.0622127203528536 0.679438460171223
"901" 0.0923310405397788 -0.335818539239466 22.4170447112178 0.069697100917995 0.722414190098643
"911" 0.0924485892886296 -0.391501214368269 20.9825200222176 0.0436885567022487 0.627950255572796
"921" 0.0916671882010996 -0.342387420967221 23.2168751075096 0.0681238901681034 0.638523193374276
"931" 0.0921552313696593 -0.313027113409713 22.9324187868414 0.0738069400781766 0.716575705185533
"941" 0.0900298944516107 -0.377665094355121 22.4080446458678 0.070418112241663 0.747750271558762
"951" 0.0957466723350808 -0.377114400804043 23.4623119117925 0.0698208559211344 0.652834505960345
"961" 0.0917529702996835 -0.324919993944466 23.1840555117861 0.0728524298558477 0.691213513985276
"971" 0.091105552341789 -0.35889427292347 22.137622028701 0.0706728473181371 0.7043956964463
"981" 0.0928214118238539 -0.326228169146925 22.5660249908594 0.0791029009622987 0.769137796014547
"991" 0.0974970580330119 -0.301990576036274 21.6876482789614 0.0632358718313044 0.66438041806221
"1001" 0.0916724919341505 -0.252018027400598 22.626485786608 0.0757359170304146 0.787568701505661
"1011" 0.0937898476542905 -0.28425574173592 22.3496218272694 0.0694774476783117 0.697005458250642
"1021" 0.0908747262703255 -0.274052998909727 23.1376909527858 0.0417158491259674 0.569853784888983
"1031" 0.0921170237213373 -0.40568940718472 20.6181800512923 0.0510564154200722 0.714655779898167
"1041" 0.0970845962539315 -0.25636051489599 22.7789129504794 0.0609092813009629 0.626960237175226
"1051" 0.0903403603546321 -0.345951193848625 23.0449137301301 0.0774632837118348 0.739799590408802
"1061" 0.0992191542796791 -0.293408421557397 22.5729919724842 0.0800240290022222 0.713600589782
"1071" 0.0930043876217678 -0.248735895019025 22.9697893430246 0.0594387582934927 0.685281207635999
"1081" 0.0902259543919936 -0.266897017460316 23.2605499383016 0.0602848638788098 0.653715913593769
"1091" 0.0909367928970605 -0.287259037967771 21.6161096083815 0.0489795780048473 0.667870446071029
"1101" 0.0916290301401168 -0.329761113982648 21.2348946579266 0.0625512683425099 0.758067592978477
"1111" 0.0903753088675439 -0.272104185504839 23.2162872868706 0.0526964040294057 0.633990447446704
"1121" 0.0943143414147198 -0.282156509621069 23.6405103031755 0.0673995894221123 0.638756374195218
"1131" 0.0954727552430704 -0.275018345095217 23.5238787876396 0.0794513814132195 0.708231033012271
"1141" 0.0986271594017744 -0.251737411858514 22.2955530091468 0.07259909582322 0.692345108687878
"1151" 0.0993985335621983 -0.309827727701515 22.7577584531251 0.06289900081167 0.568782827854156
"1161" 0.0971657237056643 -0.268003080304712 23.455925326529 0.0702127017265418 0.644903399050236
"1171" 0.0961045484114438 -0.26867351119034 21.8183453702112 0.0512633357390761 0.595030582919717
"1181" 0.0964752276772633 -0.329733883511275 22.6995386253065 0.075746666574874 0.679185159355402
"1191" 0.0981628788029775 -0.266837214689702 22.5338658443862 0.0569150260554627 0.580187309086323
"1201" 0.0989213252523914 -0.287001533534378 22.4910272807232 0.0649591098916251 0.628065683096647
"1211" 0.091247227543965 -0.257663489921019 22.2912204607669 0.062137126651546 0.737699580192566
"1221" 0.0908906320882961 -0.390863654324785 21.6221176757873 0.0772908113388345 0.792429744452238
"1231" 0.0916871856534854 -0.381873456409201 20.9513214816269 0.0536922486196039 0.715250361561775
"1241" 0.0926911103026941 -0.299734557239339 22.370748374532 0.03872175281581 0.511889446228743
"1251" 0.0920379742858931 -0.288879235589877 23.1020210536616 0.0632398722868645 0.648239015936852
"1261" 0.093612866920419 -0.401585864538327 21.5145871681743 0.0683855447561713 0.686407255902886
"1271" 0.0934884403925389 -0.387191265584901 20.7199149606144 0.0620904164909851 0.758535770922899
"1281" 0.0919758831923828 -0.286910692797974 22.4010481117945 0.0343442082087276 0.568836559280753
"1291" 0.0946574857514352 -0.260226537503302 23.6327700688923 0.0512781506471569 0.604861786440015
"1301" 0.0911408391147852 -0.272284157771617 23.3461478895694 0.0581028732966399 0.637282167896628
"1311" 0.096336982877925 -0.261643451960757 23.0999402033188 0.0780260722459061 0.691848196163774
"1321" 0.0944615346416831 -0.369769663026556 20.6999633896258 0.0628035206410335 0.756311780586839
"1331" 0.0925606056293473 -0.30438966223225 21.1274573069531 0.0458547213050304 0.656572344452143
"1341" 0.102425312155858 -0.251662879176438 23.5281795486854 0.077022152591031 0.687400624081492
"1351" 0.0902609309423715 -0.303918778572232 21.7881056656037 0.0533919072880177 0.703346303701401
"1361" 0.0905786375775933 -0.289406421557069 22.9925284546264 0.0435846850234084 0.51972285464406
"1371" 0.0902813890138641 -0.399380428181961 21.820912928863 0.0633321422520094 0.665462334603071
"1381" 0.0993279324062169 -0.25007241098769 23.4672556098271 0.0643844440745655 0.58398824043572
"1391" 0.0912490897849202 -0.299491536563262 22.1836469832738 0.0714269879727392 0.768366529718042
"1401" 0.0998110412573442 -0.253482323016971 21.9685982569656 0.0584213594536763 0.598920138478279
"1411" 0.0942552033076063 -0.27898051549308 22.7997891743318 0.0724564710318111 0.688719477280974
"1421" 0.0960051227035001 -0.278315941104665 22.5607055316702 0.0576594252480194 0.607740812525153
"1431" 0.0906778958905488 -0.271799771228805 23.5669895150349 0.0671785280566895 0.695565547570586
"1441" 0.099793847325258 -0.257305116867647 22.7510182555439 0.0758283561134012 0.682421719878912
"1451" 0.0927742840619758 -0.305417704617605 22.6543985975487 0.0790541598374257 0.794002054259181
"1461" 0.0946145845307037 -0.31554985158518 21.1904106598371 0.0391561167247593 0.581371453553438
"1471" 0.0924853941584006 -0.378095834810287 23.3849290444958 0.0756992028562585 0.701089442148805
"1481" 0.101870208070613 -0.3515892372448 22.6642067031586 0.0779679590215441 0.604721390753984
"1491" 0.090746281709522 -0.274270480887964 23.1942025531293 0.044952827865677 0.593194069713354
"1501" 0.099395846969448 -0.255026640908793 22.756793694105 0.0632064205792267 0.597230373620987
"1511" 0.0986068068165332 -0.259839923715219 22.0970833629416 0.0538926847459748 0.597514744699001
"1521" 0.0904372608298436 -0.321822416933253 21.3452251744224 0.0395141170358052 0.592093171179295
"1531" 0.102293349509127 -0.297548667913303 21.0760212968383 0.064829262976977 0.661059821993113
"1541" 0.0965936187570915 -0.253936521405354 23.5693695064215 0.0735154562210664 0.669798136726022
"1551" 0.0900323004433885 -0.315127493696287 23.4831292027188 0.0748207214646041 0.739738971218467
"1561" 0.0945139666395262 -0.334945555072278 23.0338914130162 0.0686137203462189 0.607981353476644
"1571" 0.0902749900594354 -0.336886206144467 21.8365265044919 0.0600337867619237 0.677581390142441
"1581" 0.0922524417405948 -0.303291431050748 23.5910370561294 0.0706022010051645 0.7246247009933
"1591" 0.0902545864535496 -0.331880235753953 21.5978465937427 0.0686964297219878 0.733740654662252
"1601" 0.102414785407484 -0.265653948979452 22.5376801783289 0.0736288842401467 0.663091402947903
"1611" 0.0923794036349282 -0.319515367653221 22.9453266070038 0.0749849222531775 0.709706494510174
"1621" 0.0910546611975878 -0.310219316596165 23.6363896769984 0.0522852827491937 0.604039731472731
"1631" 0.0902463243780658 -0.270748300481588 23.0188035941939 0.0718747648648685 0.78051176674664
"1641" 0.0921455840924755 -0.273559807952493 22.7410903584491 0.0758185198543593 0.740636533871293
"1651" 0.0984404245717451 -0.31455230192095 23.6388618677435 0.0778352575797355 0.662785898000002
"1661" 0.0956935549909249 -0.276669808857143 22.6922035348695 0.0784724862918025 0.726668240427971
"1671" 0.0946723221223801 -0.278992617569864 22.9816784458538 0.0670532715471927 0.683972121179104
"1681" 0.0913122145682573 -0.32404794857651 23.0597221476748 0.077510680737975 0.733063755333424
"1691" 0.0921194319510832 -0.305869108878076 22.5379057917884 0.0667096833573654 0.659074360728264
"1701" 0.0906784959677607 -0.267461378544569 22.7318962234096 0.0719697899653111 0.735568433329463
"1711" 0.0952187336375937 -0.25080441792123 22.7218163784593 0.0734486731645185 0.755074831917882
"1721" 0.0909400558797643 -0.262385154282674 22.2614343338413 0.0496203860173002 0.590535387322307
"1731" 0.0950269418545067 -0.265026455335319 23.3218714956124 0.0687640616131481 0.649791869074106
"1741" 0.0904285620739683 -0.25912842150405 21.9104198173364 0.0351047339986777 0.606136355623603
"1751" 0.0916688324036077 -0.310287026600912 22.6358611178654 0.0762984420288354 0.713656066730619
"1761" 0.0970925102625042 -0.273075192049146 23.3299929461489 0.0792843156252056 0.741824329197407
"1771" 0.0925521655473858 -0.273007705928758 23.4047454218892 0.0420071115484461 0.566722045242786
"1781" 0.0921492927577346 -0.298240114266053 21.9821628684876 0.0645928065235494 0.710915748849511
"1791" 0.0910820066789165 -0.294232662549242 22.9890621317644 0.0545366285315482 0.615693760812283
"1801" 0.0907136056646705 -0.32381655856967 23.2862941065757 0.0769020356066525 0.730220714956522
"1811" 0.091715644787997 -0.43297272439301 20.6535172218783 0.0437877251563594 0.639664672836661
"1821" 0.0917099718404934 -0.362325005376711 23.1076902635698 0.0759082823162666 0.707182145118713
"1831" 0.0906489517204463 -0.308091118700802 21.1778763607773 0.0514038437023992 0.724300884008408
"1841" 0.0949451004657894 -0.312096085784957 23.2172655718192 0.0745406578797381 0.735893651098013
"1851" 0.093547058461234 -0.397792145079002 22.0667176072509 0.0745258734293748 0.715486164391041
"1861" 0.0958574571395293 -0.286584237914532 22.7401449664682 0.0771102447075536 0.754537414684892
"1871" 0.0976304025119171 -0.354425143821165 22.2353055194882 0.0792377055368153 0.694929827228189
"1881" 0.0903911072881892 -0.313463154438883 22.0453603058495 0.0527676547568757 0.66804471552372
"1891" 0.0937156578283757 -0.416532498432323 22.1038546762103 0.0771271149260458 0.710563733130693
"1901" 0.0910816229050979 -0.401536160020158 20.6895525085391 0.0496560696477303 0.683010368272662
"1911" 0.0926563527965918 -0.351366118090227 23.3107928214478 0.0678696291992907 0.66045588478446
"1921" 0.0923765729572624 -0.40836211201176 21.7895981565141 0.0694458681667456 0.725343047454953
"1931" 0.0905334358764812 -0.317681175282225 22.4988956459798 0.0783278948976658 0.779467704147101
"1941" 0.0960894991820678 -0.328665778603405 23.116480353754 0.073768689032807 0.677448090836406
"1951" 0.0998521063886583 -0.314281032569706 22.9878008238133 0.07567491156084 0.67127864010632
"1961" 0.090303705252707 -0.395317883297801 21.4204963428713 0.0550606090711662 0.695555540844798
"1971" 0.0943588600074872 -0.349158008446917 21.0582252278621 0.0499887102454435 0.695501209050417
"1981" 0.0924554425003007 -0.362861507963389 22.0316927028634 0.0618336345019983 0.683340045809746
"1991" 0.0928829058576375 -0.366486401731148 20.8628578204196 0.0453050798652926 0.696436635330319
"2001" 0.0900188758531585 -0.352046333899722 23.6235001359554 0.0656341109576868 0.665283149853349
"2011" 0.0938950511673465 -0.256177317708731 23.0642628555605 0.0773869567947928 0.777787716835737
"2021" 0.0969511454338208 -0.389453185874969 21.3256151238992 0.074739576038532 0.725324516147375
"2031" 0.0939450548188761 -0.392098583929241 22.4816123097716 0.0742109237579396 0.710018220022321
"2041" 0.094063818407245 -0.374167478069663 20.9102701569069 0.0534911036905134 0.690841123089194
"2051" 0.0925894493926317 -0.275500614091754 22.5543106814637 0.0668268943788484 0.707250246778131
"2061" 0.0902693741424009 -0.293891084199771 22.6274441753188 0.0711464914221084 0.754040410593152
"2071" 0.0910207579666749 -0.364133819501847 22.132468854438 0.0779038865568582 0.788630408421159
"2081" 0.0907128526512533 -0.441913441492245 21.3313664732291 0.0744593845111784 0.786518458500505
"2091" 0.0900314823528752 -0.358822139354423 20.9656928550662 0.0586880972128361 0.785527373030782
"2101" 0.0938539071790874 -0.34647597787343 21.0524663036875 0.0679455357641447 0.776033356934786
"2111" 0.0914198394874111 -0.562435099720955 20.6638706255192 0.0749864373099292 0.734449027702212
"2121" 0.0974731016652658 -0.458844566995278 20.8453945515747 0.0673486542932456 0.662205749973655
"2131" 0.094910314142704 -0.417422664925456 20.9174620419648 0.0605245160282124 0.666037255674601
"2141" 0.100523158748634 -0.475096930705011 20.7232486273767 0.0801478924642783 0.725859716832638
"2151" 0.0968733154395595 -0.469938595736399 20.6539992803265 0.0740483706415398 0.653427539765835
"2161" 0.106916307058185 -0.440520470613614 21.121983988299 0.0767288240289781 0.563490063473582
"2171" 0.0998535649906844 -0.416266769237816 21.1940366722038 0.0777902620849432 0.681865366324782
"2181" 0.0962247601915151 -0.403092309374362 21.2169629480829 0.0769298343017232 0.711695562526584
"2191" 0.0994066097857431 -0.434767461458221 20.5154298286303 0.0562488684004638 0.623564120978117
"2201" 0.0913571896562353 -0.396163885977119 20.6986750615551 0.0631619840075262 0.751528384909034
"2211" 0.0905207055341452 -0.327635577965528 20.7791858259891 0.0540016808716347 0.762294096797705
"2221" 0.0928703071530908 -0.437963013112545 21.1643799398327 0.0761562303627376 0.707957497090101
"2231" 0.0924200819246471 -0.416305507073179 21.2955693266052 0.0735655238124309 0.68839944832027
"2241" 0.0982545965965837 -0.421880858102813 20.6515088960785 0.0735175883951131 0.762079965546727
"2251" 0.101357530832291 -0.508808947274461 20.5286577540659 0.0483671319377609 0.486138170808554
"2261" 0.0923200700199232 -0.422585008364171 21.7795439079404 0.0793791020156583 0.746995066180825
"2271" 0.0900106834061444 -0.437437809247524 21.7967361563281 0.078659740550071 0.749054338783026
"2281" 0.0988174923565239 -0.429869642272592 20.6388492102013 0.0775833672384499 0.705583280101419
"2291" 0.117907213973813 -0.428878295382485 20.5017631467595 0.0742927245881408 0.554617809504271
"2301" 0.0931489266939461 -0.329168748186901 20.6460172200692 0.0643540889944648 0.798471481204033
"2311" 0.0944861915186048 -0.4783557528276 20.8943643604079 0.0595234561979771 0.597892442643642
"2321" 0.0941469550263137 -0.420566580614075 21.2336530890036 0.0789906063695671 0.725946938544512
"2331" 0.0933996515963227 -0.48053161454387 20.9980540313479 0.0712804760137573 0.703335110172629
"2341" 0.101233729125001 -0.47592325903289 20.7032470497186 0.0665674347650493 0.594865541383624
"2351" 0.10178577805683 -0.336208704875782 21.6018509829952 0.0790578033767175 0.696390322446823
"2361" 0.0912141591003165 -0.450725395513699 20.7916731562885 0.0416730191849172 0.583383860811591
"2371" 0.0985969434622675 -0.415348518993706 20.9824915436655 0.065761277448223 0.640459664538503
"2381" 0.0920339428503066 -0.431991234438494 21.3292333082622 0.0715965208135545 0.669563789963722
"2391" 0.0942011877084151 -0.366945237893611 21.5687659348384 0.0758450990474084 0.739552553221583
"2401" 0.0920649875923991 -0.474592751160264 20.9486426067841 0.0781841811564285 0.720201122388244
"2411" 0.0927541584922001 -0.354575816899538 20.7012797039538 0.0579222195078852 0.703017743825913
"2421" 0.0903570065125823 -0.370887324960902 21.1135103809251 0.0607642210408812 0.699255148544908
"2431" 0.118760090759955 -0.378401727927849 20.6251244050707 0.0716227314470336 0.545337483435869
"2441" 0.0998153045112267 -0.364345661748201 20.9289814675762 0.0798879649325041 0.739074439182878
"2451" 0.1014710364528 -0.38583505317755 21.0994561553001 0.0754795886617852 0.650300706997514
"2461" 0.0959146637292579 -0.335718925029039 20.8832728112955 0.0586838177195284 0.664131917059422
"2471" 0.097415005822666 -0.409703988518566 20.7284283147031 0.0696953156898031 0.744548258930445
"2481" 0.101203775530681 -0.546192888386548 21.1139983077929 0.0770913698225515 0.599433472976089
"2491" 0.0921485518142581 -0.308861404657364 22.0777323030215 0.0699174135544337 0.740063998699188
"2501" 0.100738586165942 -0.366304660659283 21.1120199544053 0.0752400219635107 0.672879772558808
"2511" 0.0988893639743328 -0.370889421058819 21.065801093257 0.080254692489258 0.789079980105162
"2521" 0.0993884782455862 -0.372545112155378 20.6006551983627 0.073075284468173 0.757255157977343
"2531" 0.100554947778583 -0.425980397390202 20.7865565358358 0.0799218805320328 0.759008327201009
"2541" 0.101324638685212 -0.341721585780382 21.3369008083898 0.0785083632300375 0.691271214708686
"2551" 0.0936992128109559 -0.416177107522264 20.6448821838852 0.0512017034606077 0.622792399823666
"2561" 0.104517808299512 -0.4917161815539 20.5691894811997 0.057360914223385 0.520111704990268
"2571" 0.0950536996051669 -0.396053676368669 20.8228312925412 0.0729015291683841 0.730454426929355
"2581" 0.0948409622004256 -0.501047594748437 20.7575621163496 0.0601487044098554 0.592271534949541
"2591" 0.108326850981452 -0.346526667099446 21.2444036948239 0.0729340809625574 0.576940161138773
"2601" 0.11028568669036 -0.418569651786238 20.7702876139944 0.0778616316655418 0.619207442030311
"2611" 0.0958864954048768 -0.522682663340121 20.7909990984458 0.07024511701304 0.650546022057533
"2621" 0.0932819314794615 -0.464778080610558 21.1144969817437 0.0801131589562632 0.748702655509114
"2631" 0.0903639750424772 -0.338628936598077 21.2293513743673 0.0596649774073623 0.745281718745828
"2641" 0.10110506775789 -0.395691609542817 20.6137377506983 0.0603315289383056 0.647455197051167
"2651" 0.0915240387562662 -0.356235683307052 21.1640452133305 0.0490378904367331 0.599139690995216
"2661" 0.0953016411038116 -0.398581273008138 20.6374492315925 0.0374970130817499 0.557014301493764
"2671" 0.0969656780194491 -0.362942383883521 22.1280404694751 0.0799858640548307 0.692336033210158
"2681" 0.094095498053357 -0.506428557019681 21.2936057051574 0.0701936483220663 0.614584383442998
"2691" 0.0973875048905611 -0.435261739345267 20.6398505444359 0.0567962084033294 0.617941788807511
"2701" 0.0927944494877011 -0.502484103331342 20.5326079207752 0.072203530462482 0.72744166277349
"2711" 0.0973352593481541 -0.34604712888971 21.7760124980984 0.071322630186053 0.63752217553556
"2721" 0.109373267353512 -0.415650375986472 20.7213822625647 0.0749880123006878 0.605717732608318
"2731" 0.104374512632377 -0.345589415526018 20.5541648060107 0.0718343905229121 0.727475737258792
"2741" 0.0942350197266787 -0.356720324400812 21.0667167076771 0.0733610323820729 0.782131235003471
"2751" 0.100083231643774 -0.469277508577332 20.6768947881507 0.0789062592474278 0.692823522761464
"2761" 0.0978204100057483 -0.422269994674251 20.6887937154714 0.0755727800871944 0.746621899083257
"2771" 0.0925091185318306 -0.485004759691656 20.5431528167543 0.0757975937296403 0.742849964350462
"2781" 0.0926668388340622 -0.528616842493415 20.5445598262479 0.0722767363612773 0.698490016758442
"2791" 0.0908657365785912 -0.343368065765128 21.708334355983 0.0786858462153934 0.788044797852635
"2801" 0.0990449350224808 -0.358675673440099 20.7414841812663 0.0659326128483517 0.682558110803366
"2811" 0.100643726516515 -0.377026203783229 20.889892452748 0.0756314701345516 0.752934098318219
"2821" 0.106264536604285 -0.48282754316926 20.7070099783433 0.0747996577615617 0.608106639161706
"2831" 0.11139692553319 -0.47498393134959 20.770604169874 0.0794978175993077 0.579244642034173
"2841" 0.114213041167706 -0.46431267513521 20.6665552255954 0.0796421703838278 0.571988716423512
"2851" 0.0922737957788631 -0.354854601573199 20.7948507050821 0.0708215449389769 0.794579707682133
"2861" 0.0919888467360288 -0.405863682858646 21.1744080244517 0.0706337767025456 0.747665933296084
"2871" 0.105049356236123 -0.354166151236743 20.5539557718881 0.0637696227962384 0.619441958069801
"2881" 0.0981320779491216 -0.548586018510163 20.7101001038495 0.0698948210211936 0.633160137906671
"2891" 0.0937594929104671 -0.312535183707252 21.3291603512084 0.0659741455761483 0.719276432469487
"2901" 0.0978728569904342 -0.363048487454653 20.6857912678877 0.0494698099103291 0.638071346133947
"2911" 0.0953715526135638 -0.47158892118372 21.0408381015947 0.0575258139334852 0.558107379004359
"2921" 0.0907692289547995 -0.361834808884189 20.6953684828151 0.0395848046133528 0.640255539119244
"2931" 0.101818709607236 -0.41282741445303 21.0249147515022 0.0636025318368338 0.590927613377571
"2941" 0.104016663386486 -0.369103002762422 20.7489521551295 0.0777132987454766 0.749827556684613
"2951" 0.0903098541079089 -0.404299478230998 20.8102913523885 0.0684387068226235 0.790728926360607
"2961" 0.0948722144700587 -0.441684379590675 20.9594034696068 0.0778598084739409 0.795560729205608
"2971" 0.0914686460020021 -0.357758659807965 21.3070661029662 0.0562573101622285 0.64461934581399
"2981" 0.0973804974099621 -0.453561179880053 21.0702092970861 0.0647397444779286 0.612217178717256
"2991" 0.0968220795728266 -0.422702227478847 20.5384432901372 0.0726209697394632 0.720332342833281
"3001" 0.0992654803963378 -0.427448731869459 20.9664693456516 0.0728067109372932 0.650918785333633
"3011" 0.0948447219869122 -0.398385869149119 20.9031159061985 0.0578595481205033 0.611125896349549
"3021" 0.0974276426481083 -0.315004877809435 20.68791881538 0.0690205898249988 0.797712764441967
"3031" 0.0901340428758413 -0.429123180331662 21.7999248972628 0.0786691441221628 0.749345775619149
"3041" 0.0950134541234001 -0.612565959880129 20.6127695013303 0.0675061891243094 0.575367576852441
"3051" 0.0905798117313534 -0.435217212004587 20.5167866425077 0.0416970813615713 0.618428264781833
"3061" 0.0941996486904099 -0.361470181763172 21.5891339126695 0.0695274427555501 0.695568272396922
"3071" 0.104213182034902 -0.457585897617042 20.8654069781699 0.0687149988364894 0.56334172911942
"3081" 0.0936311017088592 -0.460211722537875 20.5961089350004 0.056817561003007 0.6609829544276
"3091" 0.104947514427826 -0.519022491402924 20.6403954062657 0.0612057946406072 0.482511779889464
"3101" 0.109372581579722 -0.331596973210573 20.6345051471423 0.0700581464319956 0.624251929596066
"3111" 0.0927271278351545 -0.34036342686601 20.6208508065925 0.0416930714486167 0.668402545899153
"3121" 0.0936551547367126 -0.376964877357706 21.1881506045978 0.0684602824406 0.723807138502598
"3131" 0.10935297250282 -0.410847555598244 20.8930347541207 0.0792478584958939 0.592046081349254
"314" 0.0906125825000927 -0.31819671433419 21.2216164335446 0.0485308817045297 0.680513424649835
"315" 0.10706156808883 -0.336673847494647 20.9126759897103 0.0794322286837967 0.710074311718345
"316" 0.0987386691318825 -0.4069699509684 21.4454490716266 0.0700285217348719 0.606547758579254
"317" 0.103346315458417 -0.36098424381949 20.8458520034025 0.0601460975482129 0.560599339157343
"318" 0.103351491199806 -0.336276097809896 21.1071638420341 0.0801449325451627 0.723100776076317
"319" 0.102072255958803 -0.442425225894898 20.8557969337492 0.0601901895941701 0.501764566898346
"320" 0.0926391667854041 -0.423638509038836 21.064747078314 0.0672851150895469 0.723778475597501
"321" 0.0927744453465566 -0.329529801828787 21.923260029261 0.0770066012887284 0.746844333186746
"322" 0.0930578910280019 -0.392965966515243 20.8585046303482 0.0640092933474108 0.685523132830858
"323" 0.0978300405107439 -0.401567549647763 20.7446833452699 0.07293394987504 0.779491299465299
"324" 0.101862159004435 -0.439258353343233 20.6605745510361 0.0698499101522379 0.66191793769598
"325" 0.0972977218581364 -0.384040947515517 20.5267145809345 0.0451789605804486 0.627669398039579
"326" 0.118311188648455 -0.540377168884501 20.6456337726209 0.0799857219485566 0.505014054849744
"327" 0.0913926670588553 -0.462036010421813 21.451971643914 0.0653927370829275 0.599616744369268
"328" 0.09648962606024 -0.451228197799996 21.1317862690357 0.0724869445858523 0.626579474583268
"329" 0.0929318130305037 -0.524890978431329 20.9689398572803 0.0761894185124198 0.671089525669813
"330" 0.0901278804168105 -0.578515333687887 20.5796809406835 0.0620155463361181 0.640130226537585
"331" 0.092751239628531 -0.382339841846377 21.4915699506132 0.0768838545018341 0.715390940904617
"332" 0.0902312492486089 -0.492764519289136 20.6751267420617 0.0640027173243696 0.714946401789784
"333" 0.0932043048888445 -0.352297946423292 20.7176076583611 0.0617280158260372 0.729153052195907
"334" 0.0900249832933769 -0.424734122790396 20.5044217924937 0.0638251714607235 0.726954749822617
"335" 0.093626612143591 -0.373183126265183 21.2044833121961 0.0768329260979779 0.748680626600981
"336" 0.108527652145363 -0.376064267795533 20.7616646649013 0.0758680591922486 0.630540450513363
"337" 0.093566214563325 -0.369180077850819 21.5428706054948 0.0760900429770583 0.762729706317186
"338" 0.101148604360409 -0.440643699558452 20.9778345597372 0.0724594259545673 0.600894310101867
"339" 0.0961074076546356 -0.387122286658734 21.0648104773206 0.0680181845911778 0.660083717405796
"340" 0.0988638719581068 -0.348054762639105 21.5805202079425 0.0641078642904759 0.5914827054739
"341" 0.0915035422872752 -0.468018447926268 21.0473082256666 0.0761112383810105 0.73786652982235
"342" 0.0914479865888134 -0.513809802003205 21.1205651201843 0.0597767785426928 0.566089301109314
"1102" 0.0966181757804006 -0.275625926539302 20.9639763493626 0.0530245510152774 0.753959442302585
"2102" 0.107858700583689 -0.270225689221174 20.8408779144683 0.055093460412696 0.695354579538107
"345" 0.0983006290113553 -0.31416000440903 22.0698575999308 0.0760112351557007 0.736928025409579
"412" 0.110297813083045 -0.295512994404882 20.5806233183737 0.0659350117588416 0.737465228959918
"512" 0.0950579442512244 -0.253958208799362 21.9160619296273 0.0533944982126122 0.680026595816016
"612" 0.0908265927303582 -0.25857783428207 21.5695387970563 0.0434718567124335 0.734525381177664
"712" 0.0904425445720553 -0.273241128236055 21.6638907253277 0.0576784926378401 0.792580109983683
"812" 0.0924877932853997 -0.264107740620151 21.5307042617281 0.0515041704754345 0.694971530213952
"912" 0.0913051414825022 -0.315866161668673 22.5822522890661 0.0601550752029754 0.650901589691639
"1012" 0.100737320708111 -0.262092060998082 21.1119051803416 0.0502218779903138 0.69271745108068
"1112" 0.0942687138207257 -0.290491778977215 23.3431395927561 0.0732016297044465 0.719336941838264
"1212" 0.0913850133838132 -0.295229520846158 23.5982589704311 0.0739760197893484 0.778636062964797
"1312" 0.0975411401716992 -0.327982309579849 22.7047982843337 0.0767265602878528 0.715204684063792
"1412" 0.0914661121945828 -0.28531380141899 23.4925016591814 0.0419807482583448 0.554007861241698
"1512" 0.100439313774928 -0.269100921582431 22.418584618899 0.0710011882140534 0.677811853438616
"1612" 0.0930578428991139 -0.285883332652971 23.6059930927306 0.0499851265174802 0.542832319363952
"1712" 0.0910704132243991 -0.335715590311214 21.7670749608288 0.0679335890116868 0.770843448713422
"1812" 0.0906167837698013 -0.372552763469517 21.5109957382246 0.0651561542037642 0.716409375295043
"1912" 0.0930546230161563 -0.301624195260927 23.0617641657754 0.0646069771800889 0.661515685468912
"2012" 0.0988682126356289 -0.313170224891976 22.8999266815512 0.0753246108960593 0.695791702121496
"2112" 0.0929923181086779 -0.367045281983912 23.166668004673 0.0702289402290014 0.692613156139851
"2212" 0.0910799266258255 -0.297176788235083 21.6633487382927 0.054712381248665 0.723231251984835
"2312" 0.0922169221183285 -0.311749329162762 21.7262585950503 0.0700429335884284 0.795872864797711
"2412" 0.0955415235282853 -0.416060368759558 21.1298223804054 0.0597109551997855 0.670145036801696
"2512" 0.0991401310712099 -0.267384908847511 22.830162512986 0.0646666383390315 0.639358819797635
"2612" 0.100341951222159 -0.39776543238014 21.6072164167603 0.0795558852207381 0.641835354939103
"2712" 0.0979409460900351 -0.381746882433072 21.2616797211557 0.0770392991929548 0.725625340342522
"2812" 0.112522915955633 -0.317597765352577 21.1798983874288 0.074631536615314 0.57671429105103
"2912" 0.091703414618969 -0.372975570313632 21.6964090255718 0.0793763957956107 0.761543966829777
"3012" 0.0964672274691984 -0.546732192311436 20.704893702704 0.0681238138620975 0.590069331154227
"3112" 0.0962555192532018 -0.584755667263642 20.5560600804095 0.0694970680915052 0.641079187244177
"3211" 0.10058153406065 -0.415504655379802 20.8640480932593 0.077487224314129 0.713369486629963
"3311" 0.102817972015589 -0.501166290149093 20.6086592413904 0.0767666389189428 0.660587477982044
"346" 0.101127874966711 -0.391162208452821 20.5717074228846 0.0664477613860043 0.66664183460176
"352" 0.0991416710950434 -0.403641914900392 20.6426678087306 0.079135667544161 0.77057641543448
"362" 0.102285636993125 -0.545501814322546 20.6144648582861 0.0722055786240846 0.613534539118409
"372" 0.105615616668016 -0.337313648024574 21.2048431353993 0.0724463766795816 0.659447964131832
"382" 0.102964232713915 -0.381391270376742 20.6612777081504 0.064081005524355 0.641134571954608
"1103" 0.0957022552555427 -0.297985736273229 21.348393196906 0.0639496345305117 0.755076643973589
"2103" 0.0911368925208226 -0.252729797944427 21.6433579874295 0.0378834495251765 0.719468931257725
"347" 0.0911085266768932 -0.296825604123995 22.5504957570625 0.0604184524755226 0.721468594372273
"413" 0.0977624681303278 -0.249839167203754 21.2120080232178 0.049150113184494 0.675592499747872
"513" 0.0941609720494598 -0.26058096113801 20.6434265774419 0.0325579572576331 0.750969251021743
"613" 0.0944621213162318 -0.326773332124576 21.8040241340804 0.068899593180255 0.709078741669655
"713" 0.0919022022401914 -0.263584547972307 20.8883542197547 0.0340617911824724 0.723648560196161
"813" 0.0910332927256823 -0.300185756599531 23.1528412052151 0.0790858250343241 0.799154618829489
"913" 0.099191000489518 -0.318506487322971 21.4772558723157 0.0766381114892662 0.767997406870127
"1013" 0.0900478308862075 -0.348456234207377 20.9668337308848 0.0489664990974357 0.740335003510117
"1113" 0.0941020535398275 -0.403620323795825 21.0521536647622 0.0589328395371558 0.699932134151459
"1213" 0.0914803700633347 -0.303479507146403 21.5268041909952 0.0560169733220013 0.791359428837895
"1313" 0.0901314438655972 -0.353452604586259 22.1222905047704 0.0737268212143564 0.754304701983929
"1413" 0.0907623698338866 -0.304000440871343 21.2857222802565 0.0602107586130267 0.786569707468152
"1513" 0.0905383383342996 -0.307604757539928 21.4006808570703 0.0622046551916748 0.779191111773253
"1613" 0.0910506719062105 -0.405995695317164 21.0377611875976 0.0548746374608716 0.712788397967815
"1713" 0.102469074139372 -0.266811178024858 21.3618921590364 0.0728564964574063 0.759720015227795
"1813" 0.104838645776734 -0.278943732013926 20.81457959719 0.0492692683027824 0.699520016908646
"1913" 0.0930457606120035 -0.258590896788985 22.2505203761975 0.0635852166746976 0.751458380222321
"2013" 0.0910041884277016 -0.373002009294927 20.8206406582473 0.0499283000452444 0.74583170644939
"2113" 0.0978258804548532 -0.291861650886014 20.6852271954902 0.0539451833115192 0.797261766344309
"2213" 0.0939162442479283 -0.321462566863745 22.9924213011679 0.0599199497216847 0.601912874728441
"2313" 0.0925341022778302 -0.394825335426256 22.7976501269219 0.0654738555420423 0.648692163378
"2413" 0.0902883935524151 -0.267469294358045 23.2279643420246 0.0429314446971286 0.616827469989657
"2513" 0.0902412860328332 -0.379138900812715 22.4343413002673 0.0655465554479277 0.62728598639369
"2613" 0.102188508949243 -0.273538929754868 22.6228838988999 0.0768962931503309 0.676215073093772
"2713" 0.090853760833852 -0.34330245587416 22.1245140312938 0.063622208726732 0.662914380654693
"2813" 0.0905463232286274 -0.256157823340967 23.1102876551379 0.0607479091766989 0.659452815949917
"2913" 0.0939970049746335 -0.2830583933983 23.1654858056153 0.0551043870602502 0.58939843095839
"3013" 0.0960827866354957 -0.250233376266435 23.1984769007517 0.0531096930938773 0.613793957084417
"3113" 0.0900260793445632 -0.304821571212262 22.7413442666805 0.0495435244898079 0.60735776014626
"3212" 0.0966456276029348 -0.301271994588897 22.506257934412 0.0725867106625345 0.655268341526389
"3312" 0.0922490199878812 -0.274069150710478 22.9562454883335 0.0374969320916571 0.55029109865427
"348" 0.0960476839542389 -0.283729447837919 22.1768572026771 0.0767965582005214 0.781812373623252
"353" 0.0900125205265358 -0.28943616906181 22.8862168629956 0.0486689561843406 0.603267692178488
"363" 0.0973262820281088 -0.441815813308582 21.0506054714718 0.0752308859308483 0.720443776026368
"373" 0.0942900021281093 -0.321719521488994 23.6541928270482 0.0779733001854503 0.756763252839446
"383" 0.0942964307293296 -0.390611053442583 23.6483714124351 0.0709208287108457 0.633336305245757
"392" 0.0945919115748256 -0.339807032067329 23.5417509600753 0.0673280936276773 0.638165142685175
"402" 0.092626166026108 -0.361989942399785 21.605669626547 0.0599245621308917 0.653177280426025
"414" 0.0982710343217477 -0.327700116533786 21.573347187296 0.0788361848057015 0.752903829365969
"422" 0.0952769955173135 -0.479987479079515 21.0053220597212 0.0785274325492559 0.679989604502916
"432" 0.0900861906912178 -0.545724432224408 20.5025752715161 0.0576028626014013 0.616565860584378
"442" 0.0970624753218144 -0.494059235600755 20.6374128696811 0.0674202452081023 0.649875156804919
"452" 0.0960261480370536 -0.370761178582907 21.0190464316029 0.0536001167234965 0.611309636235237
"462" 0.104499416224658 -0.349789004653692 20.8004134102981 0.0773524445541203 0.722621594592929
"472" 0.0971549425832927 -0.370818808954209 20.6110672109155 0.0736872622604016 0.793858642652631
"482" 0.103652399998158 -0.578192186323926 20.5194615125656 0.0741747046471573 0.569950502738357
"492" 0.0984198235468939 -0.373265029242262 20.6541439050203 0.0628067042476032 0.722929454743862
"502" 0.0988170482078567 -0.422420930517837 20.5143067307794 0.0773328114492819 0.76384545892477
"514" 0.0989624117575586 -0.47348703158088 20.8261803437001 0.0642853771424619 0.579533026367426
"522" 0.101094349198043 -0.437083918718621 21.0152646525903 0.076388120790571 0.669737269580364
"532" 0.0930628997767344 -0.394467646438628 21.1840194534976 0.0709179194021737 0.753113828673959
"542" 0.0994547242401168 -0.401211003629491 20.7863421794679 0.0619114113112213 0.62917127572
"552" 0.0956955297086388 -0.321761035654694 21.1641914824513 0.0739483782565454 0.763115039914847
"562" 0.0907132888538763 -0.368351315544918 21.694190480304 0.0737541816907935 0.756192092373967
"572" 0.0956089973878115 -0.419749825555831 20.5623470117757 0.0712031446500448 0.791179889887571
"582" 0.118642352337018 -0.393545425966382 20.7358597812546 0.0742110513770022 0.538558544367552
"592" 0.0990882724206895 -0.409211858296767 20.9548081900692 0.0742302593786502 0.69861322440207
"602" 0.094260229784064 -0.543977857585996 21.0768848350318 0.0662406218740391 0.556008744090795
"614" 0.102749752812088 -0.454409746048972 20.6194929712219 0.066747340661264 0.62765567407012
"1104" 0.0921701312335208 -0.3008782601282 20.7400887499261 0.0426123887097696 0.78272694259882
"2104" 0.0901356067378074 -0.249900733942166 21.5738727713935 0.0336242755968124 0.733570512756705
"349" 0.0919132241075858 -0.26224783924222 22.2252709110407 0.0558631017591571 0.696778763383627
"415" 0.0912390780709684 -0.350787993639708 21.0108508010255 0.0448241509355605 0.682961790114641
"515" 0.101988098599948 -0.493049403237179 20.9747403659718 0.0619235903386259 0.530338089466095
"615" 0.0922126356549561 -0.362453049432486 21.4040337034012 0.0624252824649215 0.661951985731721
"1105" 0.0947136619705707 -0.291229308908805 22.8986647683801 0.0742027570859063 0.719517159089446
"2105" 0.103034124559723 -0.262432656191289 20.774151513977 0.0603702517939033 0.775145363658667
"350" 0.0902654869928956 -0.272254415834323 22.9325184658333 0.0580952155060368 0.720232459008694
"416" 0.0961505163023248 -0.268013296386227 20.9273677370814 0.0516884241187945 0.779007484018803
"516" 0.0900323535762727 -0.259810153758153 22.5621536451951 0.0555096018407261 0.692046337127686
"616" 0.0918710500756279 -0.253119072150439 21.1292762483517 0.042454062903719 0.770620309263468
"714" 0.0964654019912705 -0.370989269193262 20.6786308011273 0.0609113203732064 0.767064673155546
"814" 0.0933946790825576 -0.341897740056738 20.683172185088 0.0523898843760602 0.746205941289663
"914" 0.102710775126703 -0.285189222231507 20.5519080182211 0.0333239210159518 0.66473545178771
"1014" 0.0911808739760891 -0.350357652580366 21.8816631127568 0.062188730110391 0.693302639722824
"1114" 0.0928696100637317 -0.389419855125248 21.9128334323829 0.0774492752696853 0.757865852713585
"1214" 0.0998390592858195 -0.250728423830122 21.0263506838679 0.0485815949638141 0.768280577808619
"1314" 0.0906173908375204 -0.328484177447855 20.5182637814968 0.0469895424632588 0.76059128202498
"1414" 0.0903673093132675 -0.263718792429194 21.6876921456005 0.0565021972359857 0.766942484080791
"1514" 0.107273400776088 -0.253669227210805 21.1970591326407 0.0662484694036189 0.742952936217189
"1614" 0.0946701167430729 -0.292142695577815 21.8243308178894 0.0620043307027081 0.71797299914062
"1714" 0.0927297178683802 -0.282295418502763 21.929111685683 0.0694646415743511 0.793105747029185
"1814" 0.0956067759403959 -0.272620397578925 20.8674987335433 0.0546669388473732 0.780409680008888
"1914" 0.0938550043869764 -0.254341131187975 23.0621878027823 0.0735601371794241 0.779223622232676
"2014" 0.101226612210274 -0.258505784954876 21.0745040162653 0.0666260197215714 0.779124344289303
"2114" 0.106819119242951 -0.250049153482541 20.6292100008205 0.0602424734389409 0.771647514328361
"2214" 0.0911913475664333 -0.354384748164564 22.0774012491712 0.0619958169398364 0.670731498524547
"2314" 0.0908109717378393 -0.276437685864046 22.2534235536819 0.044980429862556 0.637346395999193
"2414" 0.0915093028424308 -0.411518380494788 20.9496339091286 0.0646994850076269 0.772038621380925
"2514" 0.0985593967940658 -0.269398368975148 22.1310103909136 0.0763347865950782 0.768941122666001
"2614" 0.0926665999246761 -0.250633062966168 22.0234833832434 0.0455209532252979 0.689143037870526
"2714" 0.0973938005464152 -0.314294879356399 20.9225876897899 0.0604840569488937 0.773479876294732
"2814" 0.104046987527981 -0.255860508471727 20.7919994141394 0.0328434826327953 0.656908137053251
"2914" 0.0976880515404046 -0.355227377610281 20.868200814547 0.0442200493239099 0.632661411836743
"3014" 0.0907263395776972 -0.411699201386422 21.3570626844629 0.0530667871367885 0.610329371988773
"3114" 0.0901185876689851 -0.321176029566675 23.1811314638075 0.0780700108880177 0.755290974974632
"3213" 0.107183345692232 -0.337104236014187 20.5380985236261 0.0759100695742294 0.790346655473113
"3313" 0.0948333106376231 -0.288868789965287 20.701061838048 0.0416408863154007 0.750265289694071
"3410" 0.0965616836808622 -0.280398956252262 21.8379076113086 0.0495878427771619 0.612359791919589
"354" 0.096866624568589 -0.261773977454752 20.6736472316436 0.0339193344271043 0.75629393927753
"364" 0.0914093749495223 -0.36800881829299 20.6347163305338 0.0400326162123354 0.739123055785894
"374" 0.0907755231522024 -0.274767038233578 22.9262744017551 0.0698793467498152 0.732756997272372
"384" 0.100902382828295 -0.395163850402459 20.8936467747018 0.0695847902432317 0.67228561103344
"393" 0.106728029237129 -0.327892971506342 21.2603095673444 0.0698233041260624 0.678729656636715
"403" 0.0943416569977999 -0.355877090750262 20.6756141013512 0.0601942934788298 0.794269231706858
"417" 0.0911995754688978 -0.288159796025604 21.080759397957 0.0433380878675962 0.730560744404793
"423" 0.103734857532196 -0.288720457587391 20.9357641213387 0.0688855999948457 0.76854561150074
"433" 0.0985619636178017 -0.250889558505267 21.0211247451883 0.0436380231000017 0.709875476583838
"443" 0.0953448094725609 -0.419563764236867 20.7571412485931 0.0437847841854906 0.633951577246189
"453" 0.091864603520371 -0.382720358094201 21.7518931609392 0.0629758907113457 0.696575073748827
"463" 0.0932986752782017 -0.311611817618832 22.500501972863 0.0678453121190891 0.712463545426726
"473" 0.0915845886692405 -0.374785379368812 21.3180071331328 0.0706673563303659 0.75111592143774
"483" 0.0979202888142317 -0.384408357629552 22.8219207048626 0.0776616765948944 0.665703785046935
"493" 0.0917880637776107 -0.453175561387092 23.1471521256398 0.0735672159053618 0.678345282450318
"503" 0.0920796968769282 -0.368945338796824 23.6542897028383 0.0518850908600725 0.527639523372054
"517" 0.091948030446656 -0.498459828251973 23.1517129556136 0.0797094911289401 0.661299766972661
"523" 0.0977875239690766 -0.407347479414195 22.5873888869444 0.0794549305681605 0.655508210510016
"533" 0.0902427716916427 -0.405914982587099 23.0012067127065 0.0781493666025577 0.781754750609398
"543" 0.0954945879550651 -0.329021915642545 22.7905589851574 0.0753927119765896 0.72754327788949
"553" 0.0909138224422932 -0.354234334839508 22.6794059105031 0.0735073384531308 0.756350567489863
"563" 0.0950817072987556 -0.345061876071617 23.5290286590252 0.0555859879668569 0.568618788942695
"573" 0.0911612657541409 -0.464961114607751 22.6890393791511 0.067372564069787 0.59453267917037
"583" 0.0921791228866205 -0.312926552185789 21.8495192296361 0.0664237521506846 0.719763410612941
"593" 0.0964802206344902 -0.286631467292085 23.094074290276 0.0762847240781412 0.767108725085855
"603" 0.0936626916602254 -0.338717474510893 21.7125650908635 0.0756697345407214 0.765910272374749
"617" 0.0943554879175499 -0.315449832046404 22.8708527073753 0.0581562900770456 0.627788599357009
"622" 0.0966768573420122 -0.482873166840524 20.5514739559311 0.0762780855448451 0.765114924013615
"632" 0.0903674149755389 -0.288644887352362 22.7962693987368 0.0519846966183046 0.637065133079886
"642" 0.0958879309482873 -0.33067500856705 20.9106108817295 0.0603105507756118 0.718440026119351
"652" 0.0931918174289167 -0.268984068276361 21.0229879097152 0.0479602990506217 0.726922497749329
"662" 0.0905245647970587 -0.26701301064156 22.2188013914507 0.0492001836197684 0.620074289366603
"672" 0.0954278457351029 -0.301375942371786 23.5367399239377 0.0725886812355835 0.674378774240613
"682" 0.0983013746822253 -0.249195970166475 23.5162013035966 0.0772624838326592 0.709023837968707
"692" 0.0910706643294543 -0.283044498512521 20.5695961093111 0.0407351953195175 0.796011816933751
"702" 0.0907428950350732 -0.267755515588447 21.8564473494957 0.0469817388971802 0.657612185403705
"715" 0.097055524318479 -0.293398765232414 23.0882655557594 0.0766485966727836 0.7134697175771
"722" 0.0909333011135459 -0.331279096027836 21.2237444452848 0.0614791482486995 0.754331995025277
"732" 0.0932523346776143 -0.319445018222555 22.8281992967404 0.0694590432094643 0.651646513715386
"742" 0.0946868879757821 -0.342768764939159 23.5804631494475 0.0746521519954782 0.651051118448377
"752" 0.0931495950920507 -0.266748672943562 22.5785685165715 0.0387421096120728 0.567110048606992
"762" 0.0910988437430933 -0.301051428245381 22.753648624958 0.0454957940131892 0.585711127743125
"772" 0.0957635060800239 -0.288102376122028 22.7823391465191 0.0798416087996913 0.78961852170527
"782" 0.10357900480181 -0.280044212626293 23.5539609151077 0.072697523165564 0.606487365290523
"792" 0.0912183999493718 -0.311052208304405 23.3390264904965 0.0463005824613851 0.574833683371544
"802" 0.097860623024404 -0.266822015104815 21.9693836243567 0.0743429499551654 0.734969008415937
"815" 0.0928377599548548 -0.297498193901032 23.6139696617238 0.0457584275642643 0.570247729644179
"822" 0.0945248839762062 -0.280486199779436 23.1362612194964 0.0760590505265631 0.712448105588555
"832" 0.090263599681668 -0.252513057896867 22.085337751864 0.0360752707016189 0.570708645060658
"842" 0.0922097527496517 -0.250613043159246 23.0708600780414 0.0359022990830243 0.509776835292578
"852" 0.106598597229458 -0.251579134013504 22.9185962977307 0.0790415492829401 0.645339751318097
"862" 0.093534380145371 -0.272805190980434 23.5086867610086 0.0405941947910003 0.507213869839907
"872" 0.0936710926657543 -0.293184800419956 22.195219546461 0.0747337811315898 0.749998971819878
"882" 0.0916691465741023 -0.38824490188621 22.3044157788693 0.0756657366837142 0.716518605872989
"892" 0.0976914831502363 -0.256963311621919 21.6989676365629 0.0731097238712944 0.760056869164109
"902" 0.0969620783608407 -0.318586931446567 21.5456507373299 0.0690939266774803 0.705485699549317
"915" 0.102987726802938 -0.281427568342537 23.4059311408177 0.0794101175074 0.627205671444535
"922" 0.0991922405501828 -0.260505439367145 23.5793355803494 0.072704907427798 0.648248635083437
"932" 0.094242471607402 -0.249883361501619 21.6496950398665 0.0567762519961223 0.727089365422726
"942" 0.091743956040591 -0.309113975694403 23.568108809595 0.0452490537919803 0.5428161893785
"952" 0.0921942337732762 -0.293239052355289 20.9405445420952 0.0534444309134269 0.731158583387733
"962" 0.092731800888665 -0.386046211905777 22.4025458673807 0.0569454845981207 0.552113993614912
"972" 0.0960993180535734 -0.252556308375672 21.9996109603345 0.0373490385054843 0.522701065391302
"982" 0.0923602426294237 -0.282959629090503 22.1798841808597 0.0543890901887557 0.64186440885067
"992" 0.0911914059799165 -0.346702996704727 21.2815943619166 0.0652668133364059 0.799369347915053
"1002" 0.0966589993871748 -0.301429538443685 22.9156904742541 0.0620291443184251 0.58011310711503
"1015" 0.0944531411295757 -0.309124142399058 23.1629804894095 0.0801679844534956 0.702384711280465
"1022" 0.0993817347697914 -0.260814956709743 23.2640803561732 0.0583176100295037 0.571243669018149
"1032" 0.0920621235463768 -0.276768779251724 22.6241325178975 0.0637853064909112 0.711529153957963
"1042" 0.0918913367791101 -0.250207036495209 21.5534662587638 0.0594879481761949 0.775307993367314
"1052" 0.0947103387638926 -0.312402931666002 22.2385584447393 0.0704343615286751 0.671546277105808
"1062" 0.0939435315923765 -0.30819130480662 20.8608591205697 0.0419617892047623 0.704863532036543
"1072" 0.0946510630343109 -0.255610621217638 21.8628246534895 0.0336296329654288 0.596295372694731
"1082" 0.100954870725051 -0.274288418287411 22.9750625014096 0.076466418470256 0.664936510622501
"1092" 0.0934167367480695 -0.252024513293058 22.5597688437859 0.052574873443367 0.6188836260885
"1106" 0.102283227078617 -0.283521968826652 21.9451885114424 0.0667741354003781 0.638723172843456
"1115" 0.0959836248317733 -0.323761115383357 22.853956599026 0.0786955890269019 0.716652087569237
"1122" 0.0962929487926885 -0.304467426132411 23.230899204989 0.0796142011879943 0.735135269835591
"1132" 0.0941554772844538 -0.270798458701 23.5842563988548 0.0482131489271065 0.531842235550284
"1142" 0.106889676670544 -0.264506996618584 23.4290674398374 0.0703551786569413 0.566110339537263
"1152" 0.0904432986415923 -0.34501057734713 22.5760062388331 0.055461555087124 0.614039700776339
"1162" 0.0961043283361942 -0.294459028346464 22.1738046303322 0.074624522373639 0.733988030999899
"1172" 0.0921198660414666 -0.262582192962989 23.4371456422401 0.064532806805498 0.707971124872565
"1182" 0.0970161434467882 -0.371212230725214 21.8037667901185 0.0726003710101126 0.658906660228968
"1192" 0.0969868201548234 -0.379629256205633 21.2924634579988 0.0730195229230914 0.709479776024818
"1202" 0.0921423853822052 -0.41685616238229 21.4350660181115 0.0423443213167833 0.564413277953863
"1215" 0.0944311234457418 -0.383067679766566 22.4808248912753 0.0662944594750414 0.601921468153596
"1222" 0.0902804458234459 -0.457548497064039 21.420575746994 0.0743804241893347 0.728237609192729
"1232" 0.0900642169872299 -0.290869384819642 23.2438225497818 0.0698412274834234 0.725065231919289
"1242" 0.0930745363812894 -0.337181302431971 22.4918923799414 0.0598753765419358 0.615793777033687
"1252" 0.0904121895013377 -0.277313788896427 23.5968841881631 0.0661233725657221 0.7131001380831
"1262" 0.0905363849401474 -0.332961778469384 22.1884524365189 0.0525258011981612 0.634243787378073
"1272" 0.0929021380506456 -0.302714592041448 22.2565424094233 0.0719306313111912 0.749041268602014
"1282" 0.0920942209884524 -0.356955216057599 21.4876155421976 0.0649476486224681 0.732182333171368
"1292" 0.0910968811959028 -0.255168942829594 22.3126450685342 0.0629697214008775 0.760065029338002
"1302" 0.0919881110982969 -0.375225032666698 23.5575436453894 0.0735723377424758 0.703763894960284
"1315" 0.0922267081243917 -0.377731091685593 22.4852394403191 0.0681635578709422 0.670420632138848
"1322" 0.0904220552695915 -0.496369907097891 20.8541723380797 0.0523174200574402 0.662391209676862
"1332" 0.0919304407211021 -0.408510772960261 21.241452388328 0.0485839047316695 0.636624354124069
"1342" 0.0906525663910434 -0.340286565622315 22.4831610293081 0.0667330476719886 0.747498439103365
"1352" 0.097803442359902 -0.381381082132459 21.8541146722878 0.0732157859964529 0.679249249696732
"1362" 0.0910515825329348 -0.372278064480051 22.6373328969674 0.057467461842997 0.614075318276882
"1372" 0.0902499419404194 -0.308701815815642 22.9199852170516 0.0733683264421765 0.765278056934476
"1382" 0.092222256780602 -0.317023549797013 23.2943300026259 0.0594591269114986 0.629492390751839
"1392" 0.0990681807976216 -0.293827582454309 21.86242276676 0.0788239020815352 0.760075275227428
"1402" 0.0973665209719911 -0.337772338794544 21.816679161978 0.0733123080976074 0.716406738087535
"1415" 0.0918094118312001 -0.308963984491304 21.4826975999633 0.0555098410748877 0.723570225089788
"1422" 0.0934041820485145 -0.368889344524592 21.2854139361787 0.0677628345610108 0.713674329146743
"1432" 0.0985612390693277 -0.330429060874507 21.010648931379 0.0766648038141662 0.792003183215857
"1442" 0.0974660475896671 -0.457583431694657 20.7157722387416 0.0671609831400914 0.614611583799124
"1452" 0.110372436169535 -0.407445977305993 20.9926652264968 0.0794592108421493 0.603255184665322
"1462" 0.0982023308118805 -0.44649048477225 20.7574768423312 0.0704064041434322 0.634607968851924
"1472" 0.0984850020306185 -0.366143758265302 21.5290367146302 0.0738248094458599 0.660987784713507
"1482" 0.0964830541787669 -0.328081230962649 21.2388383524725 0.0671922255869955 0.672013616263866
"1492" 0.0961012871386483 -0.358898677321151 21.6731843245798 0.0748269346382003 0.674260405302048
"1502" 0.0977003376334906 -0.409811036547646 20.5346086503263 0.0592982135154773 0.682823296263814
"1515" 0.0942125488920137 -0.520722256869078 21.043151579306 0.0801769784467993 0.734052748531103
"1522" 0.0908268150184303 -0.393509667718783 21.6321416884568 0.0595874545537168 0.643924067094922
"1532" 0.0944770917138085 -0.45647889925912 20.6621233399515 0.0524514156009303 0.617467441037297
"1542" 0.0975623179385438 -0.366421006871387 21.0111894651479 0.0603149793901714 0.659294489249587
"1552" 0.0920548145687207 -0.529738195462152 20.7444080100372 0.0647177594819106 0.642926411628723
"1562" 0.0903458223799243 -0.368431939104572 21.3323262332799 0.0606602179287933 0.724283673390746
"1572" 0.0906039617210627 -0.494599115163088 21.2031562581658 0.0663901565969689 0.638061031028628
"1582" 0.0942734659323469 -0.543120246142149 20.6929690941283 0.0697582006492419 0.64051981292665
"1592" 0.0945916806617752 -0.416532411817461 21.551562044085 0.0623026086494094 0.614320562779903
"1602" 0.0910661571873352 -0.35214654802531 20.5008569162013 0.0434653105225647 0.723267058506608
"1615" 0.0928853715956211 -0.386074548656121 21.262653029277 0.0514384475615807 0.607698667272925
"1622" 0.0969691784530878 -0.633415444998071 20.5169201444392 0.0676274226611713 0.53935977473855
"1632" 0.101706943466328 -0.341150912489742 20.7225194686837 0.0746172473510029 0.777471267953515
"1642" 0.0928864515032619 -0.442061881933361 21.093848149369 0.0776827850978822 0.77235736168921
"1652" 0.090065888623707 -0.502752977129072 20.6749931139196 0.0767410696038743 0.767554398030043
"1662" 0.111528092795983 -0.373208433777094 20.7343554819119 0.0753179472136777 0.617984252870083
"1672" 0.110486578605138 -0.339480210280046 20.9238440046762 0.0748995738405501 0.630156265720725
"1682" 0.0961139606768265 -0.355829730492085 20.7719396017725 0.0453196275462164 0.587384378686547
"1692" 0.0950048646507785 -0.371016017669812 21.053638823654 0.0609166988871293 0.674557892307639
"1702" 0.0904677582001314 -0.393990423282608 21.2391952351923 0.0698794721718179 0.730624415576458
"1715" 0.0928565361807123 -0.479644542090595 21.1001309556444 0.0717346834211145 0.654251076355577
"1722" 0.0930086884433404 -0.37750810687989 20.7826701578358 0.0683047488298966 0.78125840999186
"1732" 0.0947235976941884 -0.413514838645235 21.0911503554974 0.0796512656314764 0.767021529972553
"1742" 0.103080283935182 -0.368689044415951 20.5554620876466 0.0713538549003424 0.735768193826079
"1752" 0.0972542254887521 -0.356066059371457 21.4557970017171 0.0802979181241244 0.728378023952246
"1762" 0.105806793361902 -0.411529910676181 20.6787809207756 0.0694103797400603 0.600859111621976
"1772" 0.0921233780169859 -0.436105604855344 20.7847410537861 0.0681523757733637 0.772272707894444
"1782" 0.0950276154577732 -0.549690066030249 20.5424963102909 0.036366770172352 0.484739969372749
"1792" 0.0927607475481927 -0.381428361525759 21.1092209338024 0.0683468729905784 0.685161662474275
"1802" 0.0938767460463569 -0.541193249551579 20.5331506739301 0.0509775410623755 0.561986545547843
"1815" 0.0950702656740323 -0.404547191625461 20.9498748412961 0.0605742944552796 0.606150179877877
"1822" 0.0957388778440654 -0.398203880006447 20.8246065591997 0.0609010611968813 0.685112177357078
"1832" 0.0992407107157633 -0.393353233337402 20.6497297264892 0.0762195500165923 0.740179715007544
"1842" 0.0992308792714029 -0.474571129297838 20.806197808329 0.0718433592890622 0.68502970777452
"1852" 0.0943138240417466 -0.404740476112813 21.2654260446108 0.07066712099961 0.668304296955466
"1862" 0.090399883216247 -0.441129484534264 20.7238171629026 0.0692721473507583 0.720461208447814
"1872" 0.0974944303818047 -0.418327368751168 20.6295532122115 0.0625232474209741 0.626493444219232
"1882" 0.102563419433311 -0.375004957079887 20.6243197348528 0.080138102187356 0.794391689226031
"1892" 0.11031577267684 -0.405406067883596 20.6757736329082 0.069083615530096 0.569458944275975
"1902" 0.099434763927944 -0.436357993353158 20.9089139202028 0.0628669548319653 0.601547536626458
"1915" 0.0925546964379027 -0.409425387296826 20.597660703517 0.056230220849812 0.685192785486579
"1922" 0.0954972299896181 -0.479100731911138 21.1972901960323 0.0761744215160375 0.705071084201336
"1932" 0.0900258801653981 -0.347876519383863 21.0783275746461 0.0391853430068353 0.604482893049717
"1942" 0.0945000930726528 -0.333989977838472 20.8246572751575 0.0626555544849718 0.729662327468395
"1952" 0.0909778918242082 -0.325895086811855 21.0142466622591 0.0691612650213763 0.792667756527662
"1962" 0.0933071270529181 -0.558977375101298 20.6644584845379 0.0746589296015445 0.708614506050944
"1972" 0.0902389637259766 -0.496822989715263 20.7733414307307 0.0526292162342928 0.634360603615642
"1982" 0.102821664285846 -0.479328289233148 20.7594281556713 0.0702152396986494 0.614965574145317
"1992" 0.0982337177870795 -0.440938496207818 20.9910559864389 0.0765762977804989 0.659884000718594
"2002" 0.0942802197430283 -0.367681244079024 21.1301890573557 0.0553066258240025 0.632354607880116
"2015" 0.104444606725127 -0.540073567546904 20.5747108580102 0.0746169619228225 0.577509573847055
"2022" 0.101121971734799 -0.456899540914223 20.9988005458307 0.0768108442974975 0.669034429192543
"2032" 0.0903147605387494 -0.416974781025201 21.3037594304909 0.0510246349611785 0.586269592642784
"2042" 0.0947930774521083 -0.434876997496933 20.9062790212338 0.0435893332881853 0.552563109174371
"2052" 0.0905314573366195 -0.527172728139907 20.5529307226255 0.0736372198292753 0.755649142712355
"2062" 0.0934173279237002 -0.350901519712061 20.5159575162362 0.0519875098139746 0.754943894669414
"2072" 0.0929824115289375 -0.464571975024417 21.4838926754449 0.0661470458404859 0.607517335787416
"2082" 0.0941694717267528 -0.539781171014532 21.0463063009735 0.074190046626539 0.626214311271906
"2092" 0.0968070064298809 -0.340221353210509 21.2513084952626 0.0607229577819118 0.644132618904114
"2106" 0.0946840127147734 -0.454455995190889 21.2734287561546 0.0737733751160093 0.677478362694383
"2115" 0.0935978402215987 -0.53021936475113 20.7199829784827 0.0771953330529854 0.75103035479784
"2122" 0.0946944545209408 -0.341019403930753 20.9248079717439 0.0501279123076471 0.634272822290659
"2132" 0.100074663243257 -0.498161500928924 20.5167125126556 0.0792318942690268 0.754797078445554
"2142" 0.103066728059202 -0.433227670265362 20.5689030113956 0.0620003852963215 0.636294944807887
"2152" 0.0962341637564823 -0.486373439893127 20.777905142142 0.0677304552193033 0.628385839536786
"2162" 0.0974339115740731 -0.374411934142932 20.6816185913165 0.041149041165784 0.560075433254242
"2172" 0.111343693097122 -0.380564925072715 20.5621631068294 0.0656245498441393 0.58074663117528
"2182" 0.0975493550235405 -0.360762479014695 21.1313674346707 0.0623660539483186 0.647806204557419
"2192" 0.0901488766819239 -0.458070394231006 21.5115032461728 0.0784687675840687 0.758053813800216
"2202" 0.0906132081756368 -0.614827329814434 20.5919256368186 0.0665317451791372 0.656616608425975
"2215" 0.094108310370706 -0.444757862428203 20.697029057336 0.0519923080141423 0.583419837206602
"2222" 0.0967351076044142 -0.470475056886673 20.8954465682688 0.058006631906121 0.586056696325541
"2232" 0.101621767002158 -0.368756556456909 20.5579531885637 0.0750045501386048 0.796966594606638
"2242" 0.10469835922122 -0.329300773879513 20.5914534397656 0.0802261599427555 0.798937349021435
"2252" 0.0905620961515233 -0.488275536034256 21.073591811005 0.0752466226672288 0.75316661067307
"2262" 0.0947713540988043 -0.429969921747223 21.1642861558311 0.0620267341549741 0.583536213636398
"2272" 0.0990224844301119 -0.371417285067961 21.1473133100173 0.0752444985453505 0.733282859921455
"2282" 0.0925673909476027 -0.327995020881295 21.5846812200057 0.0617001948704012 0.668099112957716
"2292" 0.093754893835634 -0.450591750241816 20.5136666139681 0.0499841615286656 0.59339802056551
"2302" 0.0997816726528108 -0.290175870480016 20.991212319925 0.0720105654770043 0.781961008757353
"2315" 0.101275842329487 -0.332119995184243 21.6628931412427 0.0758798109194031 0.658539414256811
"2322" 0.0904977602502331 -0.447518371634185 20.8634754569992 0.0716101941092871 0.737242668196559
"2332" 0.0941752224247903 -0.456723781013861 20.5765622030338 0.0610333146838471 0.695030178651214
"2342" 0.0922658328367397 -0.355898297518492 20.9838601025008 0.0403867447017692 0.646361552253366
"2352" 0.105925048453733 -0.304977851804346 20.9452094927849 0.0743164674327476 0.697228658497334
"2362" 0.0908060588445514 -0.419957882760093 20.930408146719 0.0711461953655118 0.775349006801844
"2372" 0.0959171378910541 -0.51028815561533 20.6079529836308 0.0633300191896269 0.594743928909302
"2382" 0.096934022789821 -0.297987786006182 21.8027257822384 0.0751070505063981 0.753499219790101
"2392" 0.0951702885422856 -0.546083294482902 20.5101227469277 0.0574852513246937 0.606258549019694
"2402" 0.0924705015113577 -0.479787764739245 21.1826105191093 0.075563743658294 0.70639332190156
