Date	Seq.Day	Frc.Max.Daylight	Temp.ANH	Temp.HON	Temp.SSI	NTU.ANH	NTU.HON	NTU.SSI
6/1/2018	1	0.988726043	20.2597225	19.050135	20.01346438	9.865625	56.14791667	17.61538462
6/2/2018	2	0.989853439	20.698415	19.88411375	20.45997	9.4690625	46.26979167	10.97708333
6/3/2018	3	0.990980834	21.23375875	20.67700125	21.04740125	9.4303125	46.615625	7.94375
6/4/2018	4	0.99210823	21.43979375	20.71635625	21.22826063	9.77	79.4765625	8.396842105
6/5/2018	5	0.981961669	21.298	20.37257875	21.02425125	9.9603125	71.84479167	7.892708333
6/6/2018	6	0.981961669	21.37034375	19.96919	20.98952625	9.495416667	92.54427083	7.459375
6/7/2018	7	0.994363021	21.411435	19.97092625	21.06823625	10.27947917	75.55677083	8.344791667
6/8/2018	8	0.994363021	21.27427125	19.9553	20.94322625	11.38020833	89.21458333	20.075
6/9/2018	9	0.996617813	20.878985	19.6717125	20.66774125	14.06375	92.46197917	11.40208333
6/10/2018	10	0.996617813	20.64690625	19.44628938	20.55199125	12.60229167	65.60677083	24.95106383
6/11/2018	11	0.997745209	20.6000275	19.59936875	20.52652625	13.3175	58.27508952	16.33645833
6/12/2018	12	0.997745209	20.957695	20.1740675	20.89056	14.07322917	57.71197917	15.628125
6/13/2018	13	0.998872604	21.26501125	20.46951938	21.15881063	15.69875	76.0421875	16.62210526
6/14/2018	14	0.998872604	21.45484125	20.50627	21.295685	16.599375	65.94229329	16.12395833
6/15/2018	15	1	21.45620809	20.45376383	21.28302638	16.66851064	83.30053191	16.69148936
6/16/2018	16	1	21.44789625	20.22586563	21.20077	16.33458333	87.4484375	18.64526316
6/17/2018	17	1	21.494775	20.040955	21.17935625	15.26333333	50.06132813	16.70416667
6/18/2018	18	0.998872604	21.5746425	20.4449225	21.304945	13.889375	71.99583333	15.540625
6/19/2018	19	1	21.63136	20.53925875	21.3269375	13.59260417	71.35520833	15.4375
6/20/2018	20	1	21.65161625	20.36331875	21.21986875	13.59510417	90.51979167	16.08125
6/21/2018	21	1	21.6950225	20.32164875	21.277165	12.76989583	72.30571391	14.02083333
6/22/2018	22	1	21.89006125	20.54851875	21.57174875	13.04572917	66.22260259	13.28958333
6/23/2018	23	0.998872604	22.2876625	21.13652875	22.017965	14.61760417	36.86274414	14.24791667
6/24/2018	24	1	22.27753438	21.02569813	21.99568313	18.3684375	96.61095721	19.81789474
6/25/2018	25	1	21.9218925	20.6961	21.6209425	18.5853125	73.29166667	18.84791667
6/26/2018	26	0.998872604	21.97108625	20.7424	21.7621575	15.97197917	38.16354167	14.6875
6/27/2018	27	0.998872604	21.874435	20.545625	21.64004125	15.69895833	67.15	15.4375
6/28/2018	28	0.998872604	21.91899875	20.43219	21.62730875	14.17833333	53.07083333	13.54479167
6/29/2018	29	0.997745209	22.06166063	20.75773688	21.80469563	12.43984375	45.22552083	12.40947368
6/30/2018	30	0.997745209	22.41759188	21.3848125	22.18638125	11.35010417	28.49713542	11.80947368
7/1/2018	31	0.995490417	22.36724063	21.30523438	22.1371875	12.5496875	78.40625	13.46736842
7/2/2018	32	0.995490417	21.95111938	20.64357844	21.7228025	13.91286458	71.35807292	14.09673913
7/3/2018	33	0.994363021	21.67570672	20.60082328	21.52277203	13.80861979	46.67571615	12.25913978
7/4/2018	34	0.994363021	21.485515	20.46604688	21.40246438	13.37239583	52.84427083	11.64725275
7/5/2018	35	0.993235626	21.49326522	20.60551304	21.61467165	12.18347826	48.00543478	9.16043956
7/6/2018	36	0.99210823	21.7991975	20.85525625	21.91784125	12.08916667	41.48619792	8.542708333
7/7/2018	37	0.990980834	22.0388	21.1579425	22.08452125	13.18625	34.72083333	9.897916667
7/8/2018	38	0.989853439	22.0955175	21.1417375	22.08220625	13.811875	32.940625	11.32291667
7/9/2018	39	0.989853439	22.05211125	21.03929875	22.0144925	14.02302083	44.62604167	12.034375
7/10/2018	40	0.987598647	22.156865	21.28931875	22.07121	13.643125	33.709375	11.740625
7/11/2018	41	0.986471251	22.36579375	21.34893	22.2529375	13.25854167	36.33333333	12.22916667
7/12/2018	42	0.985343856	22.2321025	21.19614	22.22863	14.03708333	69.92291667	13.31875
7/13/2018	43	0.98421646	22.2112675	21.439215	22.2552525	13.52572917	47.26354167	12.95578947
7/14/2018	44	0.981961669	22.28361125	21.3987025	22.267985	14.20729167	96.40585938	13.63125
7/15/2018	45	0.981961669	22.2737725	21.24764875	22.119825	14.40864583	86.66666667	14.1
7/16/2018	46	0.979706877	22.18406625	21.1255325	22.02028	14.78552083	79.76510417	14.46354167
7/17/2018	47	0.978579481	22.22342125	21.189195	22.08220625	14.2909375	77.3171875	13.4625
7/18/2018	48	0.977452086	22.406885	21.4172225	22.37042375	13.61333333	72.84166667	12.509375
7/19/2018	49	0.975197294	22.4311925	21.3732375	22.49427625	13.86791667	75.8421875	12.75729167
7/20/2018	50	0.974069899	22.286505	21.27658625	22.5029575	13.43395833	67.40625	11.91041667
7/21/2018	51	0.971815107	22.2413625	21.351245	22.536525	14.09947917	53.04895833	12.68541667
7/22/2018	52	0.969560316	22.19448375	21.207715	22.45607875	13.83958333	64.590625	12.84270833
7/23/2018	53	0.969560316	22.3362775	21.21003	22.439295	12.67989583	48.95416667	11.83125
7/24/2018	54	0.967305524	22.4173025	21.1648875	22.44161	12.12697917	53.359375	11.71145833
7/25/2018	55	0.965050733	22.4960125	21.1880375	22.448555	12.32625	54.73229167	11.540625
7/26/2018	56	0.962795941	22.48038625	21.0722875	22.30444625	12.88822917	60.14583333	12.646875
7/27/2018	57	0.96054115	22.41296188	20.85178375	22.10680313	13.31661458	63.8828125	12.85473684
7/28/2018	58	0.959413754	22.31197	20.716935	22.04632375	12.95489583	45.91822917	11.66354167
7/29/2018	59	0.958286359	22.13545125	20.54620375	21.96529875	12.935	37.275	11.028125
7/30/2018	60	0.956031567	22.00118125	20.54331	21.90626625	12.24927083	44.8875	9.690625
7/31/2018	61	0.953776776	21.99322344	20.63265453	22.00092805	12.01608073	44.52330729	9.536956522
8/1/2018	62	0.951521984	22.031855	20.66832	22.04140438	12.15739583	47.18020833	19.71473684
8/2/2018	63	0.949267193	22.0445875	20.68278875	22.02548875	11.85104167	48.71145833	9.548958333
8/3/2018	64	0.948139797	22.12503375	20.77046938	22.12387625	11.1975	32.02636719	8.856521739
8/4/2018	65	0.945885006	22.30271	21.1139575	22.2390475	11.57270833	25.26822917	7.575280899
8/5/2018	66	0.942502818	22.18638125	20.91805063	22.0746825	11.82041667	24.84791667	8.05
8/6/2018	67	0.940248027	22.12387625	20.87580188	21.98613375	11.11328125	21.10416667	110.3612903
8/7/2018	68	0.937993236	21.92015625	20.6648475	21.74768875	11.50822917	33.275	103.0510417
8/8/2018	69	0.935738444	21.79051625	20.54388875	21.64582875	11.25197917	33.21744792	131.8854167
8/9/2018	70	0.933483653	21.88138	20.65616625	21.8246625	10.84645833	37.4296875	125.9505263
8/10/2018	71	0.932356257	22.04806	20.80722	21.96992875	11.25541667	47.68854167	71.7
8/11/2018	72	0.930101466	22.20799395	21.25560656	22.04771637	12.20099609	33.51126302	94.83188406
8/12/2018	73	0.926719278	22.40046619	21.44382812	22.22088095	12.87361094	28.44463476	500.9487179
8/13/2018	74	0.924464487	22.4010975	21.34487875	22.189275	11.96875	58.778125	114.5583333
8/14/2018	75	0.922209696	22.38605	21.0838625	22.06137125	11.87239583	77	41.90833333
8/15/2018	76	0.919954904	22.26277625	20.91544625	21.81713875	11.59270833	73.00052083	36.28631579
8/16/2018	77	0.916572717	22.2344175	21.03235375	21.809615	11.2525	51.75625	70.37291667
8/17/2018	78	0.915445321	22.1603375	21.08241563	21.8292925	11.01817708	55.82128092	18.47578947
8/18/2018	79	0.91319053	22.189275	20.91891875	21.92854813	10.00635417	50.71536458	12.68210526
8/19/2018	80	0.909808343	21.9380975	20.70130875	21.82176875	10.28364583	50.83854167	10.11979167
8/20/2018	81	0.907553551	21.69010313	20.43508375	21.70341438	9.307604167	25.81770833	9.271578947
8/21/2018	82	0.90529876	21.27376484	19.85745508	21.22692227	8.981002604	46.64641927	9.402173913
8/22/2018	83	0.901916573	21.02309375	19.99783813	21.0908075	9.016875	22.45416667	9.858947368
8/23/2018	84	0.899661781	20.80287938	19.8164	20.8685675	9.006302083	32.81458333	11.07578947
8/24/2018	85	0.898534386	20.628965	19.70846313	20.6833675	8.678541667	28.72708333	18.85744681
8/25/2018	86	0.895152198	20.54794	19.6786575	20.70362375	8.610208333	22.6375	11.19166667
8/26/2018	87	0.892897407	20.4310325	19.499245	20.58208625	8.96375	38.640625	8.789583333
8/27/2018	88	0.88951522	20.35565031	19.50720281	20.45512297	9.094947917	27.71666667	114.9554348
8/28/2018	89	0.887260428	20.374315	19.4633625	20.40961875	9.0665625	31.15	93.96041667
8/29/2018	90	0.883878241	20.35290125	19.564065	20.4333475	9.725520833	24.91041667	67.52916667
8/30/2018	91	0.88162345	20.378945	19.74752875	20.53347125	8.516822917	17.65729167	62.13617021
8/31/2018	92	0.879368658	20.54244188	19.78717313	20.62230938	7.785989583	24.1671875	43.78105263
9/1/2018	93	0.877113867	20.7157775	19.87948375	20.6648475	8.058333333	20.85208333	12.00729167
9/2/2018	94	0.87373168	20.83557875	19.90350188	20.80750938	7.677864583	23.04947917	7.637894737
9/3/2018	95	0.871476888	20.6741075	19.6555075	20.63504188	7.993177083	35.54270833	8.305319149
9/4/2018	96	0.868094701	20.47183438	19.41069625	20.51871313	7.4365625	47.14479167	10.17473684
9/5/2018	97	0.86583991	20.23367875	19.1786175	20.38646875	7.741354167	46.01666667	19.4625
9/6/2018	98	0.863585118	20.054845	19.0466625	20.29155375	7.801458333	40.13125	31.32916667
9/7/2018	99	0.861330327	20.19663875	19.23620313	20.5259475	7.704270833	35.92135417	62.51684211
9/8/2018	100	0.85794814	20.41656375	19.47088625	20.6463275	8.303125	42.80520833	126.4541667
9/9/2018	101	0.855693348	20.60523625	19.61673125	20.77654625	8.614583333	44.184375	144.2458333
9/10/2018	102	0.852311161	20.73863813	19.74608188	20.89142813	8.743333333	45.36041667	9.298947368
9/11/2018	103	0.85005637	20.7944875	19.78919875	20.87609125	9.661041667	48.8125	9.967708333
9/12/2018	104	0.846674183	20.46286375	19.429795	20.52942	10.78604167	57.87604167	11.33020833
9/13/2018	105	0.845546787	20.29849875	19.33806313	20.37171063	10.08671875	41.86197917	15.02
9/14/2018	106	0.8421646	20.2574075	19.32735625	20.34132625	8.606666667	25.69322917	11.08854167
9/15/2018	107	0.839909808	20.10743891	19.21370422	20.21049258	9.081914063	33.34010417	10.17065217
9/16/2018	108	0.836527621	19.939095	18.93727875	20.06236875	8.589583333	22.61458333	8.178125
9/17/2018	109	0.833145434	19.943725	19.11727	20.05773875	7.670729167	18.84791667	7.377083333
9/18/2018	110	0.830890643	19.915945	18.97084625	19.94893375	7.173958333	23.8015625	246.978022
9/19/2018	111	0.828635851	19.89055234	18.98488094	19.81032313	7.421796875	23.16015625	108.5477273
9/20/2018	112	0.82638106	20.06179	19.28568625	19.89597813	7.97765625	12.8859375	104.3122222
9/21/2018	113	0.822998873	20.28692375	19.65840125	20.04153375	8.070755208	13.69713542	149.1810526
9/22/2018	114	0.820744081	20.19316625	19.31462375	19.92694125	8.5365625	36.7296875	99.33804348
9/23/2018	115	0.817361894	20.17754	19.46046875	19.869645	8.953333333	23.47083333	126.2536842
9/24/2018	116	0.815107103	20.16220313	19.915945	19.89033531	8.3296875	15.659375	95.31195652
9/25/2018	117	0.811724915	20.18940438	19.33343313	19.89192688	8.173072917	42.2	73.62
9/26/2018	118	0.809470124	20.21863125	19.32156875	19.96456	8.181875	36.8	29.021875
9/27/2018	119	0.807215333	20.2643525	19.21276375	20.0652625	8.711354167	52.26484375	13.903125
9/28/2018	120	0.803833145	19.94517188	18.8012725	19.6624525	10.956875	59.63474935	14.35157895
9/29/2018	121	0.801578354	19.58953	18.64645688	19.39941063	10.21854167	23.33020833	10.74105263
9/30/2018	122	0.798196167	19.39044	18.72372	19.39044	10.22	8.8	13.7
6/1/2019	1	0.988726043	19.6717125	18.9027753	18.864935	6.236875	23.38733788	8.45625
6/2/2019	2	0.989853439	19.772415	19.314045	19.08428125	7.072604167	28.86756185	10.0671875
6/3/2019	3	0.990980834	19.9008975	19.2480675	19.281635	7.023958333	25.40677083	12.24791667
6/4/2019	4	0.99210823	20.37257875	19.72437875	19.80887625	6.6825	22.259375	9.558333333
6/5/2019	5	0.981961669	21.05695063	20.5166875	20.13876375	6.5346875	21.14166667	7.753125
6/6/2019	6	0.981961669	21.20250625	20.32164875	19.91536625	6.681145833	39.73333333	7.539583333
6/7/2019	7	0.994363021	20.8870875	19.865015	19.267745	6.4475	25.8875	7.3875
6/8/2019	8	0.994363021	20.62144125	19.9958125	18.971425	6.5309375	18.14166667	6.667708333
6/9/2019	9	0.996617813	20.76381375	20.34885	18.94190875	6.380520833	14.56041667	6.183333333
6/10/2019	10	0.996617813	21.19614	20.97361063	19.17601313	6.432708333	11.89427083	6.084895833
6/11/2019	11	0.997745209	21.80903625	21.28497813	19.51689688	6.504583333	10.51041667	6.413020833
6/12/2019	12	0.997745209	22.41440875	21.7691025	20.02069875	6.800104167	11.30729167	6.648958333
6/13/2019	13	0.998872604	22.16786125	21.27658625	20.017805	8.182916667	42.65104167	7.838541667
6/14/2019	14	0.998872604	21.88138	20.67121375	19.88527125	8.463541667	42.31666667	8.480208333
6/15/2019	15	1	21.5653825	20.10288125	19.8360775	8.271041667	44.378125	8.380208333
6/16/2019	16	1	21.1625725	19.87253875	19.72900875	8.779583333	37.29479167	8.541666667
6/17/2019	17	1	21.07720688	20.04703188	19.97468813	8.9703125	34.509375	8.286458333
6/18/2019	18	0.998872604	21.27224563	20.4122593	20.40441	8.680677083	39.67513021	8.066731771
6/19/2019	19	1	21.337355	20.44550125	20.5560425	9.2328125	56.34166667	8.36875
6/20/2019	20	1	21.29337	20.44434375	20.52652625	9.2375	43.221875	8.216666667
6/21/2019	21	1	21.25227875	20.39920125	20.6046575	8.05625	32.59895833	6.797916667
6/22/2019	22	1	21.48146375	20.82516125	20.94785625	7.278958333	22.521875	6.076041667
6/23/2019	23	0.998872604	21.92681188	21.39378313	21.51966125	7.136145833	18.6171875	5.4109375
6/24/2019	24	1	22.21271438	21.63599	21.84289313	7.110572917	23.746875	5.022395833
6/25/2019	25	1	22.37736875	21.6857625	21.93636125	6.746770833	23.62604167	4.994791667
6/26/2019	26	0.998872604	22.17364875	21.29337	21.781835	6.8771875	29.07083333	5.763541667
6/27/2019	27	0.998872604	21.9265225	20.97910875	21.5306575	7.68375	26.321875	6.64375
6/28/2019	28	0.998872604	21.83652688	20.95798438	21.44471313	7.463072917	22.29010417	7.084895833
6/29/2019	29	0.997745209	21.84897	20.89692625	21.42243125	7.416145833	23.00520833	7.966666667
6/30/2019	30	0.997745209	21.90279375	20.9380175	21.4936175	7.739895833	29.96666667	8.323958333
7/1/2019	31	0.995490417	21.96095813	20.89519	21.50635	7.986666667	35.396875	8.9125
7/2/2019	32	0.995490417	21.9635625	20.8894025	21.48840875	8.777447917	37.325	9.183333333
7/3/2019	33	0.994363021	22.05297938	20.95451188	21.5352875	9.308385417	38.98125	9.3125
7/4/2019	34	0.994363021	22.18753875	21.19324625	21.66434875	9.236458333	32.41354167	9.364583333
7/5/2019	35	0.993235626	22.30444625	21.35992625	21.8385525	9.198958333	40.33958333	9.175
7/6/2019	36	0.99210823	22.47691375	21.51850375	22.03706375	8.9540625	40.11875	8.870833333
7/7/2019	37	0.990980834	22.56980313	21.35819	22.0885725	9.361822917	53.30260417	8.883854167
7/8/2019	38	0.989853439	22.56199	21.1093275	21.99307875	9.4525	59.80729167	8.9375
7/9/2019	39	0.989853439	22.550415	20.985475	21.851285	9.679375	47.89375	9.188541667
7/10/2019	40	0.987598647	22.4682325	21.37728875	21.87038375	10.286875	50.853125	9.548958333
7/11/2019	41	0.986471251	22.541155	21.51618875	21.9265225	10.773125	49.47291667	9.623958333
7/12/2019	42	0.985343856	22.67311	21.54773063	22.09638563	10.7775	51.99739583	9.569791667
7/13/2019	43	0.98421646	22.75268813	21.48406813	22.21618688	11.09994792	53.9265625	9.9921875
7/14/2019	44	0.981961669	22.82416375	21.6973375	22.29402875	11.1140625	40.365625	10.08645833
7/15/2019	45	0.981961669	22.88898375	21.89932125	22.38894375	11.14072917	45.83020833	10.028125
7/16/2019	46	0.979706877	22.92226188	21.88890375	22.45955125	11.35072917	53.59166667	10.80104167
7/17/2019	47	0.978579481	23.10659375	22.0816275	22.6626925	10.62635417	27.609375	10.09895833
7/18/2019	48	0.977452086	23.21192625	22.263355	22.93702	10.64322917	36.87083333	10.13541667
7/19/2019	49	0.975197294	23.1025425	22.08915125	22.934705	10.51583333	31.43020833	10.18645833
7/20/2019	50	0.974069899	22.795805	21.7598425	22.65459	11.12833333	37.78333333	11.06354167
7/21/2019	51	0.971815107	22.62275875	21.64930125	22.59729375	10.2178125	31.63125	9.880208333
7/22/2019	52	0.969560316	22.758765	21.95025125	22.84615625	9.201458333	27.77395833	8.539583333
7/23/2019	53	0.969560316	22.99894625	22.110565	23.09501875	9.055833333	32.37708333	7.333333333
7/24/2019	54	0.967305524	23.235655	22.23152375	23.33983	8.5396875	20.31979167	6.465625
7/25/2019	55	0.965050733	23.481045	22.46070875	23.5470225	9.117604167	14.271875	7.026041667
7/26/2019	56	0.962795941	23.193985	22.156865	23.342145	9.993020833	19.834375	8.36875
7/27/2019	57	0.96054115	23.27327375	21.6927075	23.369925	9.277395833	32.92708333	8.402083333
7/28/2019	58	0.959413754	23.5146125	22.46533875	23.63441375	9.110208333	15.6375	9.060416667
7/29/2019	59	0.958286359	23.45500125	22.03243375	23.4845175	8.925625	36.8203125	9.710416667
7/30/2019	60	0.956031567	23.35314125	21.75347625	23.26112	8.79875	26.32083333	9.89375
7/31/2019	61	0.953776776	23.2044025	21.8246625	23.15752375	9.092083333	25.07083333	9.786458333
8/1/2019	62	0.951521984	23.20469188	21.83536938	23.07592	9.096354167	29.10683594	10.50351563
8/2/2019	63	0.949267193	23.35082625	22.07989125	23.10833	8.996145833	23.73854167	10.46875
8/3/2019	64	0.948139797	23.55744	22.44103125	23.2426	8.737083333	20.06145833	10.46979167
8/4/2019	65	0.945885006	23.68331813	22.58803375	23.34388125	8.4690625	22.884375	10.34895833
8/5/2019	66	0.942502818	23.7067575	22.55793875	23.31031375	8.887786458	19.09895833	10.21770833
8/6/2019	67	0.940248027	23.64598875	22.64822375	23.31725875	8.152916667	21.653125	9.503125
8/7/2019	68	0.937993236	23.63557125	22.45955125	23.2507025	7.6553125	30.3375	8.972395833
8/8/2019	69	0.935738444	23.481045	21.95546	22.9289175	7.711979167	34.86875	9.020833333
8/9/2019	70	0.933483653	23.12742875	21.60312785	22.48615566	7.96890625	22.87672526	9.465429688
8/10/2019	71	0.932356257	22.98795	22.08973	22.4659175	7.79875	13.01510417	8.709375
8/11/2019	72	0.930101466	23.0770775	21.99076375	22.50469375	7.1353125	15.64583333	7.877083333
8/12/2019	73	0.926719278	23.32131	22.36347875	22.66385	6.711041667	13.45416667	7.31875
8/13/2019	74	0.924464487	23.60779125	22.6557475	22.91097625	6.418541667	21.04479167	7.164583333
8/14/2019	75	0.922209696	23.9475175	23.0817075	23.20498125	6.201458333	28.01979167	7.234375
8/15/2019	76	0.919954904	24.32479016	23.64070766	23.53262609	6.365625	22.8375651	7.244726563
8/16/2019	77	0.916572717	24.504275	23.71543875	23.81180063	6.352395833	27.72518229	7.119270833
8/17/2019	78	0.915445321	24.19927375	23.20613875	23.550495	7.243958333	39.54229167	7.046875
8/18/2019	79	0.91319053	23.80688125	22.7089925	23.11469625	7.056145833	27.00052083	6.892916667
8/19/2019	80	0.909808343	23.48625375	22.4219325	22.7830725	6.74375	27.73145833	6.401979167
8/20/2019	81	0.907553551	23.272695	22.082785	22.49254	6.636875	35.8221875	6.116354167
8/21/2019	82	0.90529876	23.27558875	22.19159	22.411515	6.7115625	27.02072917	5.6525
8/22/2019	83	0.901916573	23.5261875	22.73850875	22.71535875	6.996979167	20.18052083	5.328229167
8/23/2019	84	0.899661781	23.69113125	22.7900175	22.990265	8.3059375	16.22270833	5.323541667
8/24/2019	85	0.898534386	23.46541875	22.38055188	22.78712375	8.417291667	28.92947917	5.585989583
8/25/2019	86	0.895152198	23.34619625	22.51511125	22.77902125	7.851354167	18.919375	6.100208333
8/26/2019	87	0.892897407	23.2877425	22.30907625	22.84615625	7.818854167	23.48927083	6.384166667
8/27/2019	88	0.88951522	23.175465	22.096675	22.7414025	8.399791667	30.60833333	6.983541667
8/28/2019	89	0.887260428	22.911555	21.81323219	22.41571094	9.557942708	49.53171875	8.348411458
8/29/2019	90	0.883878241	22.65285375	21.76852375	22.15455	10.491875	39.086875	9.170833333
8/30/2019	91	0.88162345	22.63201875	21.91436875	22.180015	9.744791667	31.0453125	8.415104167
8/31/2019	92	0.879368658	22.80101375	22.19159	22.4010975	9.2	38.5071875	8.175729167
9/1/2019	93	0.877113867	23.02441125	22.4751775	22.58108875	9.254479167	34.7409375	8.109791667
9/2/2019	94	0.87373168	23.1963	22.5423125	22.6904725	9.313020833	42.17708333	7.633229167
9/3/2019	95	0.871476888	23.184725	22.295765	22.61234125	9.155104167	48.63375	7.347916667
9/4/2019	96	0.868094701	23.115275	22.32586	22.58514	9.176875	44.885	7.114895833
9/5/2019	97	0.86583991	22.93107411	22.01159875	22.4126725	9.770210526	61.1025	7.010833333
9/6/2019	98	0.863585118	22.73793	21.79051625	22.27666625	9.310520833	32.65052083	6.290208333
9/7/2019	99	0.861330327	22.3918375	21.38539125	22.017965	9.627083333	49.25958333	6.394479167
9/8/2019	100	0.85794814	22.129085	21.087335	21.67129375	9.703854167	32.34395833	6.262916667
9/9/2019	101	0.855693348	21.980925	21.1371075	21.4704675	9.72375	46.89166667	6.698854167
9/10/2019	102	0.852311161	21.81829625	20.84252375	21.1880375	9.593958333	36.00489583	7.068854167
9/11/2019	103	0.85005637	21.8894825	21.050295	21.156785	8.6396875	30.59302083	6.828958333
9/12/2019	104	0.846674183	22.1001475	21.38307625	21.31362625	8.433958333	28.79546875	6.7515625
9/13/2019	105	0.845546787	22.41556625	21.9450425	21.56248875	8.646145833	26.18854167	6.740416667
9/14/2019	106	0.8421646	22.6557475	22.068895	21.7760475	9.073229167	31.45619792	6.91625
9/15/2019	107	0.839909808	22.44334625	21.73148375	21.6116825	9.446875	53.26114583	7.054270833
9/16/2019	108	0.836527621	22.1510775	21.56711875	21.31015375	10.03614583	42.41052083	6.5246875
9/17/2019	109	0.833145434	21.89527	21.16662375	21.01036125	8.831354167	37.40447917	6.149583333
9/18/2019	110	0.830890643	21.624415	21.0375625	20.7204075	8.305520833	38.72322917	5.835416667
9/19/2019	111	0.828635851	21.39523	20.82400375	20.57109	7.4371875	26.7625	4.867604167
9/20/2019	112	0.82638106	21.45484125	20.81705875	20.4912225	6.682083333	19.85515625	4.310104167
9/21/2019	113	0.822998873	21.63599	21.068815	20.3939925	6.320729167	15.24958333	4.113020833
9/22/2019	114	0.820744081	21.652195	21.2528575	20.50337625	6.576041667	13.8390625	4.245416667
9/23/2019	115	0.817361894	21.65971875	21.0665	20.38531125	6.421354167	21.44822917	4.084583333
9/24/2019	116	0.815107103	21.70138875	21.26616875	20.34132625	7.033541667	17.99479167	4.37
9/25/2019	117	0.811724915	21.86691125	21.4681525	20.45707625	7.951875	15.1521875	5.4390625
9/26/2019	118	0.809470124	21.8640175	21.44442375	20.62202	9.795416667	48.16322917	7.098541667
9/27/2019	119	0.807215333	21.52081875	20.83037	20.34827125	11.00177083	52.41541667	8.121458333
9/28/2019	120	0.803833145	21.00804625	20.0560025	19.81929375	11.10239583	63.67333333	8.0678125
9/29/2019	121	0.801578354	20.4148275	19.499245	19.31693875	10.84416667	41.83432292	7.8365625
9/30/2019	122	0.798196167	20.05716	18.83484	18.94596	6.65	34.75	6.24
