876.6666667
877.6666667
878.6166667
879.5166667
880.3666667
881.1833333
881.9333333
882.6333333
883.2833333
883.8833333
884.4333333
884.9166667
885.35
885.7333333
886.0666667
886.35
886.5666667
886.7333333
886.85
886.9
886.9166667
886.85
886.75
886.5833333
886.3666667
886.1
885.7666667
885.3833333
884.95
884.4666667
883.9333333
883.3333333
882.6833333
882
881.25
880.45
879.6
878.7
877.7666667
876.7666667
875.7333333
874.65
873.5333333
872.35
871.15
869.8833333
868.5833333
867.25
865.8666667
864.45
863
861.5
859.9833333
858.4166667
856.8166667
855.1833333
853.5166667
851.8166667
850.0833333
848.3333333
846.55
844.7333333
842.8833333
841.0166667
839.1166667
837.2
835.2666667
833.3
831.3166667
829.3
827.2833333
825.2333333
823.1666667
821.0666667
818.9666667
816.85
814.7166667
812.55
810.3833333
808.2
806
803.8
801.5666667
799.3333333
797.0833333
794.8166667
792.55
790.2666667
787.9833333
785.6833333
783.3666667
781.05
778.7166667
776.4
774.05
771.7
769.35
767
764.6333333
762.2666667
759.8833333
757.5
755.1333333
752.7333333
750.35
747.95
745.55
743.1666667
740.75
738.35
735.95
733.5333333
731.1333333
728.7166667
726.3
723.9
721.4833333
719.0666667
716.65
714.25
711.8333333
709.4333333
707.0166667
704.6166667
702.2166667
699.8166667
697.4333333
695.0333333
692.65
690.2666667
687.9
685.5166667
683.15
680.8
678.4333333
676.1
673.75
671.4166667
669.1
666.7833333
664.4666667
662.1666667
659.8833333
657.6
655.3333333
653.0833333
650.85
648.6166667
646.4
644.2
642.0166667
639.85
637.7
635.5666667
633.4666667
631.3666667
629.3
627.25
625.2166667
623.2166667
621.2333333
619.2666667
617.3333333
615.4333333
613.55
611.7
609.8833333
608.1
606.3333333
604.6166667
602.9333333
601.2666667
599.65
598.0666667
596.5166667
595.0166667
593.55
592.1333333
590.75
589.4166667
588.1166667
586.8833333
585.6833333
584.5333333
583.4333333
582.3833333
581.3833333
580.4333333
579.5333333
578.6833333
577.9
577.1666667
576.4833333
575.8666667
575.3
574.8
574.35
573.95
573.6166667
573.35
573.1333333
572.9833333
572.8833333
572.85
572.8833333
572.9666667
573.1166667
573.3166667
573.5833333
573.9166667
574.3
574.7333333
575.2333333
575.8
