Year	Month	Day	2016	2017	2018	2019	2020
2016	6	1	73.74	54.88	72.56	56.7	77.55
2016	6	2	74.11	55.2	72.79	56.79	77.49
2016	6	3	74.48	55.47	73.09	56.85	77.49
2016	6	4	74.74	55.7	73.44	56.87	77.6
2016	6	5	75.03	55.9	73.78	56.87	77.75
2016	6	6	75.35	56.1	74.09	56.86	77.97
2016	6	7	75.65	56.29	74.37	56.86	78.09
2016	6	8	75.96	56.52	74.71	56.87	78.25
2016	6	9	76.23	56.78	75	56.9	78.42
2016	6	10	76.51	57.07	75.3	56.95	78.57
2016	6	11	76.81	57.38	75.62	57.02	78.71
2016	6	12	77.14	57.7	75.96	57.14	78.85
2016	6	13	77.41	58.06	76.26	57.37	78.95
2016	6	14	77.55	58.43	76.57	57.68	79.04
2016	6	15	77.69	58.82	76.91	58.03	79.13
2016	6	16	77.82	59.25	77.28	58.42	79.16
2016	6	17	78.02	59.7	77.62	58.81	79.24
2016	6	18	78.17	60.16	77.88	59.16	79.38
2016	6	19	78.31	60.61	77.99	59.53	79.5
2016	6	20	78.37	61.06	78.08	59.92	79.61
2016	6	21	78.44	61.49	78.17	60.35	79.72
2016	6	22	78.58	61.91	78.28	60.82	79.84
2016	6	23	78.71	62.3	78.34	61.29	79.93
2016	6	24	78.85	62.67	78.44	61.76	79.99
2016	6	25	79.02	63.02	78.51	62.26	80.08
2016	6	26	79.14	63.35	78.66	62.79	80.17
2016	6	27	79.24	63.63	78.82	63.37	80.25
2016	6	28	79.35	63.9	78.94	63.78	80.29
2016	6	29	79.33	64.16	79.03	64.23	80.28
2016	6	30	79.29	64.46	79.2	64.7	80.41
2016	7	31	79.43	64.8	79.51	65.37	80.77
2016	7	32	79.6	65.18	79.76	65.93	80.97
2016	7	33	79.64	65.62	79.99	66.5	81.1
2016	7	34	79.73	66.08	80.21	67.05	81.36
2016	7	35	79.79	66.56	80.38	67.59	81.63
2016	7	36	79.85	66.79	80.51	68.15	81.73
2016	7	37	79.94	66.98	80.62	68.73	81.79
2016	7	38	80.03	67.3	80.71	69.26	81.99
2016	7	39	80.12	67.9	80.75	69.82	82.2
2016	7	40	80.19	68.5	80.76	70.32	82.39
2016	7	41	80.2	69.07	80.72	70.79	82.57
2016	7	42	80.22	69.7	80.62	71.25	82.73
2016	7	43	80.32	70.32	80.55	71.72	82.88
2016	7	44	80.41	70.91	80.56	72.21	83.02
2016	7	45	80.52	71.41	80.55	72.7	83.18
2016	7	46	80.32	71.83	80.5	73.18	83.28
2016	7	47	80.11	72.28	80.47	73.61	83.41
2016	7	48	79.71	72.75	80.44	74.06	83.62
2016	7	49	79.32	73.19	80.48	74.49	83.82
2016	7	50	79	73.63	80.52	74.9	83.95
2016	7	51	78.81	74.03	80.56	75.28	84.12
2016	7	52	78.77	74.38	80.62	75.63	84.35
2016	7	53	78.72	74.62	80.65	75.96	84.45
2016	7	54	78.66	74.82	80.71	76.22	84.64
2016	7	55	78.62	74.99	80.77	76.47	84.75
2016	7	56	78.64	75.18	80.77	76.71	84.96
2016	7	57	78.65	75.36	80.75	77	84.97
2016	7	58	78.68	75.52	80.72	77.27	84.96
2016	7	59	78.69	75.64	80.72	77.52	84.96
2016	7	60	78.7	75.74	80.73	77.72	85.08
2016	7	61	78.73	75.89	80.87	77.86	85.33
2016	8	62	78.8	76.06	80.92	77.96	85.63
2016	8	63	78.88	76.22	80.86	78.04	85.87
2016	8	64	78.96	76.36	80.9	78.12	85.97
2016	8	65	79.05	76.49	80.94	78.23	86.02
2016	8	66	79.1	76.62	80.91	78.27	86.25
2016	8	67	79.1	76.7	80.87	78.13	86.5
2016	8	68	79.1	76.73	80.95	77.95	86.72
2016	8	69	78.98	76.77	81.04	77.67	86.96
2016	8	70	78.97	76.81	81.09	77.32	87.11
2016	8	71	78.97	76.82	81.17	76.93	87.31
2016	8	72	78.95	76.81	81.24	76.58	87.55
2016	8	73	78.92	76.8	81.29	76.25	87.78
2016	8	74	78.93	76.76	81.34	76	87.88
2016	8	75	78.95	76.76	81.39	75.9	87.95
2016	8	76	79	76.76	81.47	75.8	88.06
2016	8	77	79.22	76.75	81.59	75.81	88.11
2016	8	78	79.48	76.73	81.86	75.8	88.11
2016	8	79	79.81	76.71	82.13	75.76	88.13
2016	8	80	80.2	76.67	82.42	75.71	88.17
2016	8	81	80.62	76.62	82.68	75.66	88.08
2016	8	82	81.05	76.56	82.85	75.58	87.95
2016	8	83	81.43	76.5	82.99	75.55	87.98
2016	8	84	81.77	76.43	83.08	75.56	87.99
2016	8	85	82.06	76.34	83.17	75.55	88.04
2016	8	86	82.33	76.24	83.19	75.53	88.15
2016	8	87	82.56	76.12	83.21	75.53	88.36
2016	8	88	82.73	76.02	83.24	75.56	88.45
2016	8	89	82.85	75.94	83.29	75.57	88.47
2016	8	90	82.9	75.87	83.26	75.5	88.48
2016	8	91	83.01	75.81	83.18	75.43	88.47
2016	8	92	83.11	75.76	83.1	75.37	88.54
2016	9	93	83.18	75.75	83.12	75.27	88.45
2016	9	94	83.24	75.76	83.19	75.18	88.17
2016	9	95	83.32	75.68	83.25	75.13	88.04
2016	9	96	83.42	75.6	83.29	75.09	87.89
2016	9	97	83.51	75.51	83.2	75.04	87.58
2016	9	98	83.63	75.43	83.03	74.97	87.28
2016	9	99	83.76	75.33	82.95	74.94	86.93
2016	9	100	83.86	75.24	82.89	74.89	86.61
2016	9	101	83.74	75.12	82.84	74.86	86.5
2016	9	102	83.53	74.98	82.77	74.78	86.37
2016	9	103	83.36	74.85	82.75	74.68	86.3
2016	9	104	83.21	74.74	82.69	74.53	86.25
2016	9	105	82.98	74.63	82.61	74.56	86.18
2016	9	106	82.73	74.49	82.58	74.64	86.08
2016	9	107	82.61	74.35	82.55	74.69	86.07
2016	9	108	82.6	74.23	82.54	74.62	86.2
2016	9	109	82.67	74.13	82.53	74.36	86.42
2016	9	110	82.76	74.04	82.54	74.18	86.6
2016	9	111	82.97	73.94	82.55	74.09	86.73
2016	9	112	83.24	73.86	82.56	74.01	86.9
2016	9	113	83.55	73.81	82.62	74.06	86.93
2016	9	114	83.71	73.77	82.65	74.12	86.87
2016	9	115	83.87	73.72	82.68	74.18	87.16
2016	9	116	84.07	73.7	82.72	74.3	87.48
2016	9	117	84.35	73.71	82.7	74.41	87.7
2016	9	118	84.58	73.75	82.67	74.58	87.83
2016	9	119	84.69	73.83	82.57	74.65	87.89
2016	9	120	84.85	73.95	82.52	74.55	87.94
2016	9	121	84.9	74.05	82.51	74.45	88.2
2016	9	122	84.99	74.17	82.6	74.48	88.45
2016	10	123	85.01	74.32	82.76	74.54	88.35
2016	10	124	85.01	74.49	82.97	74.53	88.37
2016	10	125	84.96	74.4	82.63	74.45	88.38
2016	10	126	84.92	74.25	82.24	74.32	88.42
2016	10	127	84.91	74.16	81.9	74.2	88.45
2016	10	128	84.96	74.27	81.61	74.05	88.46
2016	10	129	85.06	74.47	81.34	73.91	88.34
2016	10	130	85.23	74.57	81.8	73.82	88.31
2016	10	131	85.43	74.67	82.38	73.73	88.24
2016	10	132	85.54	74.76	82.66	73.65	88.16
2016	10	133	85.57	74.83	82.73	73.58	88.07
2016	10	134	85.57	74.92	82.84	73.56	88.04
2016	10	135	85.58	75.01	83.17	73.58	88.09
2016	10	136	85.22	75.15	83.51	73.63	88.02
2016	10	137	84.82	75.31	83.84	73.7	87.99
2016	10	138	84.02	75.48	84.14	73.81	87.98
2016	10	139	83.2	75.61	84.43	73.83	87.93
2016	10	140	82.43	75.74	84.45	73.78	87.79
2016	10	141	81.88	75.85	84.45	73.72	87.66
2016	10	142	81.5	75.86	84.58	73.69	87.59
2016	10	143	81.9	75.89	84.69	73.66	87.51
2016	10	144	82.43	75.94	84.85	73.64	87.46
2016	10	145	82.98	76.03	85.06	73.64	87.43
2016	10	146	83.4	76.1	85.18	73.64	87.38
2016	10	147	83.72	76.23	85.23	73.59	87.16
2016	10	148	83.93	76.44	85.27	73.53	86.86
2016	10	149	83.74	76.76	85.47	73.49	86.78
2016	10	150	83.25	77.14	85.61	73.52	86.76
2016	10	151	82.72	77.53	85.68	73.55	86.64
2016	10	152	82.16	77.84	85.8	73.6	86.47
2016	10	153	81.6	78.1	85.92	73.68	86.34
